0.312243	0.58034	0	0	0.312243	0.58034	L0	0.6	0.6	5.19994	0	0.287757	0.0196602	5.19994	0
0.312243	0.58034	-6.93889e-18	7.89932e-36	0.862916	0.534212	R0	0.859997	0.600045	5.19975	0.00179686	0.437515	0.0196827	5.19984	0.00127057
1.02184	0.499306	0.341591	-3.17579e-18	1.17385	0.481073	L0.0958846	1.11998	0.600225	5.19943	0.00538996	0.361695	0.0604413	5.0884	0.00328026
1.03808	0.499306	0.341591	-5.37014e-19	0.969149	0.397513	R0	1.37996	0.600629	5.19898	0.0107781	0.356845	0.0728455	5.03164	0.00609198
1.36972	0.555844	1.07318	0.0109762	1.65063	0.62469	L0.0176297	1.6399	0.601347	5.19839	0.0179597	0.341278	0.0682589	4.86388	0.00628042
1.42064	0.556367	1.07318	0.0110575	1.62331	0.499091	R0	1.89982	0.60247	5.19766	0.0269323	0.36787	0.065092	4.74865	0.00865282
1.82449	0.588901	2.22566	0.0948966	2.18882	0.648739	L0.0230871	2.1597	0.604086	5.19678	0.0376932	0.363384	0.0605361	4.53755	0.0230572
1.93003	0.593426	2.22562	0.0958665	1.96701	0.557117	R0	2.41954	0.606284	5.19573	0.0502389	0.381438	0.0568086	4.37246	0.0269335
2.3396	0.626909	3.19348	0.268672	2.65526	0.66598	L0.0171628	2.67932	0.609155	5.1945	0.0645654	0.377031	0.0538856	4.17601	0.0726197
2.49245	0.639865	3.19321	0.271897	2.92034	0.645898	R0	2.93904	0.612786	5.19309	0.080668	0.384555	0.0518326	4.01187	0.0916684
2.82037	0.640875	3.7001	0.195356	3.01222	0.637046	L0.00582832	3.19869	0.617267	5.19147	0.0985415	0.383992	0.0499304	3.85151	0.0921482
3.00069	0.650462	3.70003	0.196722	3.56096	0.485311	R0	3.45825	0.622685	5.18963	0.11818	0.390652	0.0484726	3.71252	0.091092
3.50648	0.442125	4.39313	-0.983119	3.89365	0.311793	L0.0283194	3.71772	0.62913	5.18754	0.139576	0.379872	0.0697059	3.57368	0.323445
3.72291	0.393025	4.3871	-1.0097	4.19786	0.698311	R0	3.97708	0.636689	5.18519	0.162724	0.372304	0.0935561	3.45028	0.44196
4.09942	0.489874	4.83068	-0.446714	4.30935	0.578564	L0.00876076	4.23632	0.645449	5.18256	0.187614	0.361412	0.098908	3.33453	0.457309
4.33884	0.46759	4.83021	-0.451719	4.61908	0.68951	R0	4.49542	0.655498	5.17962	0.214238	0.352119	0.106669	3.22982	0.473054
4.49481	0.700038	4.6114	0.43393	4.35143	0.899174	L0.0124215	4.75437	0.666921	5.17634	0.242587	0.347358	0.103795	3.13638	0.46127
4.7238	0.722414	4.60806	0.468091	5.20901	0.66599	R0	5.01315	0.679804	5.1727	0.272649	0.344391	0.101369	3.05092	0.450634
5.16465	0.694912	5.047	0.364756	5.51894	0.648233	L0.0120091	5.27175	0.694234	5.16867	0.304413	0.336105	0.0986659	2.96968	0.438834
5.4155	0.713642	5.04514	0.389639	5.22834	0.639362	R0	5.53013	0.710295	5.16422	0.337868	0.328596	0.0961705	2.89461	0.427879
5.79344	0.71837	5.29297	0.363233	6.022	0.708619	L0.00447941	5.78828	0.728072	5.15932	0.372999	0.320679	0.0938767	2.825	0.417573
6.05661	0.736917	5.29158	0.383005	5.89392	0.373584	R0	6.04618	0.747647	5.15393	0.409793	0.313314	0.0917468	2.7602	0.408012
6.32535	0.855375	5.27071	0.754545	6.34249	0.948833	L0.00173175	6.30379	0.769103	5.14803	0.448233	0.30646	0.0915156	2.69965	0.404123
6.58738	0.894051	5.26397	0.800217	6.62134	0.836138	R0	6.5611	0.792523	5.14157	0.488305	0.300055	0.0919545	2.64293	0.400704
6.83047	0.823406	5.25224	0.462029	6.78214	0.714036	L0.00235856	6.81808	0.817988	5.13452	0.52999	0.294004	0.0901032	2.58964	0.392844
7.09183	0.846848	5.25069	0.479384	7.29121	0.630741	R0	7.07469	0.845578	5.12685	0.573269	0.288314	0.0883538	2.53947	0.385655
7.2808	0.918064	5.10596	0.657114	7.13735	0.957217	L0.00193354	7.3309	0.875373	5.11851	0.618123	0.283089	0.0870906	2.492	0.37852
7.53495	0.951544	5.10204	0.686844	8.08349	0.819605	R0	7.58668	0.907449	5.10946	0.664531	0.278159	0.0859263	2.44709	0.371723
7.79894	0.855652	5.13082	0.304169	7.80533	0.719126	L0.0031651	7.84199	0.941886	5.09966	0.712469	0.273438	0.0859369	2.40454	0.373044
8.05455	0.870847	5.13077	0.305064	8.40453	0.884557	R0	8.0968	0.978759	5.08907	0.761915	0.268953	0.0867591	2.36413	0.376139
8.29084	0.86515	5.09481	0.245822	8.24796	0.840322	L0.000212244	8.35106	1.01814	5.07766	0.812843	0.2648	0.0896626	2.32569	0.383781
8.54477	0.877345	5.09496	0.242836	8.45858	1.41118	R0	8.60472	1.06011	5.06537	0.865226	0.260845	0.0939787	2.28907	0.393434
8.78044	0.963434	5.05807	0.453769	8.74615	1.04858	L0.00116042	8.85775	1.10473	5.05216	0.919037	0.257215	0.0957568	2.25412	0.395802
9.03261	0.986341	5.05709	0.464501	9.8809	1.1419	R0	9.1101	1.15208	5.03798	0.974245	0.253753	0.0985272	2.22073	0.399618
9.27516	1.02767	5.03644	0.524495	9.25579	1.04913	L9.17255e-05	9.36172	1.20223	5.0228	1.03082	0.250529	0.101493	2.18877	0.403059
9.52633	1.05418	5.03498	0.538271	10.1016	1.52474	R0	9.61255	1.25524	5.00656	1.08873	0.247442	0.105535	2.15817	0.407873
9.85919	1.23711	5.15178	0.97263	10.0484	1.44598	L0.00759207	9.86254	1.31118	4.98922	1.14794	0.244076	0.104809	2.12897	0.403354
10.116	1.28658	5.14454	1.01022	10.5377	1.72555	R0	10.1117	1.37011	4.97074	1.20841	0.240844	0.104304	2.10096	0.399308
10.3321	1.39093	5.04414	1.18026	10.2492	1.45907	L0.00109465	10.3598	1.4321	4.95106	1.2701	0.237778	0.103169	2.0739	0.394418
10.5835	1.45096	5.03337	1.22538	10.9084	1.70343	R0	10.6069	1.49721	4.93014	1.33298	0.234816	0.102134	2.04788	0.389828
10.8028	1.48981	4.96971	1.2104	10.7313	1.45265	L0.000479228	10.853	1.56549	4.90794	1.39701	0.232067	0.10157	2.02277	0.386146
11.0505	1.55127	4.95928	1.25245	11.4783	1.42876	R0	11.0979	1.637	4.8844	1.46213	0.229405	0.101222	1.99858	0.382891
11.3891	1.61019	5.12254	1.28603	11.587	1.61462	L0.00275304	11.3416	1.71179	4.85948	1.52832	0.226837	0.101231	1.97561	0.380212
11.6445	1.6754	5.11224	1.32637	11.4763	1.53917	R0	11.584	1.78992	4.83313	1.59551	0.224429	0.101552	1.95349	0.37805
11.8611	1.74587	5.02837	1.37407	11.7788	1.74591	L0.000479903	11.8251	1.87144	4.80531	1.66366	0.221987	0.102147	1.93195	0.37631
12.1119	1.8155	5.01697	1.41513	12.136	2.14937	R0	12.0647	1.95639	4.77598	1.73273	0.21967	0.103145	1.91116	0.375132
12.3512	1.84783	4.993	1.36539	12.3226	1.78353	L0.000437381	12.3029	2.04482	4.74508	1.80265	0.217435	0.10601	1.89107	0.37656
12.6002	1.9169	4.98292	1.40174	12.5457	1.77728	R0	12.5394	2.13677	4.71257	1.87338	0.215337	0.109595	1.87167	0.378784
12.7644	2.06278	4.79575	1.60458	12.5924	2.17509	L0.00351689	12.7743	2.23227	4.67842	1.94485	0.213133	0.111141	1.85255	0.378038
13.0035	2.14404	4.78013	1.65055	13.2198	2.6644	R0	13.0075	2.33137	4.64258	2.01701	0.210992	0.113168	1.83403	0.37781
13.1899	2.29653	4.64602	1.84324	13.0875	2.40708	L0.00198246	13.2388	2.43409	4.605	2.08981	0.209025	0.113696	1.81597	0.375677
13.4213	2.38991	4.62433	1.897	12.7087	3.12439	R0	13.4682	2.54047	4.56565	2.16317	0.207107	0.114517	1.79845	0.373874
13.708	2.53357	4.69365	2.06044	13.836	2.62479	L0.00176222	13.6955	2.65053	4.52448	2.23703	0.205151	0.114564	1.78155	0.371124
13.9417	2.63788	4.66798	2.11795	13.8302	2.73893	R0	13.9208	2.7643	4.48147	2.31134	0.203263	0.114795	1.76516	0.368612
14.1823	2.81571	4.6306	2.33346	14.2106	2.94205	L0.0014011	14.1439	2.88179	4.43656	2.38601	0.201473	0.114095	1.74923	0.365314
14.4126	2.93382	4.59775	2.39754	14.5568	2.87021	R0	14.3646	3.00303	4.38974	2.46099	0.199769	0.113449	1.73377	0.362137
14.5866	3.00527	4.47688	2.34771	14.4616	2.90734	L0.00178489	14.583	3.12802	4.34097	2.5362	0.198009	0.113619	1.71859	0.359814
14.8093	3.12396	4.44534	2.40688	14.6754	3.96041	R0	14.7989	3.25679	4.29021	2.61157	0.1963	0.113977	1.70383	0.357709
15.0238	3.33919	4.36356	2.67016	15.0261	3.5067	L0.00239561	15.0122	3.38932	4.23744	2.68703	0.194635	0.113196	1.68941	0.354672
15.2406	3.47418	4.32164	2.73749	15.3685	4.14761	R0	15.2228	3.52563	4.18263	2.76249	0.19302	0.112445	1.67537	0.351719
15.4726	3.68827	4.2777	2.97208	15.5236	3.82936	L0.00176768	15.4306	3.66572	4.12575	2.83789	0.191506	0.111557	1.66169	0.349247
15.6848	3.83847	4.22649	3.04446	15.7234	3.4105	R0	15.6355	3.80957	4.06678	2.91315	0.190059	0.110714	1.64836	0.34682
15.9213	3.99329	4.22692	3.11977	15.9774	4.00094	L0.000230702	15.8375	3.95719	4.00571	2.98817	0.18884	0.109926	1.63546	0.344455
16.131	4.15081	4.17424	3.18992	16.3376	4.21632	R0	16.0363	4.10854	3.94251	3.0629	0.187733	0.109192	1.6229	0.342122
16.3323	4.35921	4.08586	3.36291	16.3313	4.44499	L0.000623975	16.2319	4.26363	3.87716	3.13723	0.186699	0.108995	1.61057	0.340633
16.5348	4.52892	4.02536	3.43509	16.7586	4.48231	R0	16.4242	4.42242	3.80966	3.21109	0.185779	0.108958	1.59854	0.339165
16.6918	4.6957	3.88087	3.49036	16.6039	4.67344	L0.000589719	16.613	4.5849	3.74	3.28438	0.184638	0.108986	1.58666	0.337564
16.884	4.87173	3.81639	3.56075	16.9236	5.10119	R0	16.7983	4.75103	3.66817	3.35704	0.18357	0.109167	1.57506	0.335982
17.0424	5.10939	3.65945	3.75138	16.9955	5.21099	L0.00112514	16.9799	4.92077	3.59416	3.42897	0.18239	0.110727	1.56362	0.335789
17.2232	5.2985	3.58397	3.82356	17.3421	4.64623	R0	17.1579	5.09409	3.51797	3.50008	0.181251	0.112615	1.55243	0.335616
17.3646	5.47504	3.44206	3.85769	17.2894	5.43542	L0.000505345	17.3319	5.27094	3.4396	3.57028	0.180012	0.114412	1.54146	0.334986
17.5345	5.66937	3.36339	3.92647	17.6463	4.74597	R0	17.5019	5.45128	3.35907	3.63949	0.178799	0.116486	1.53072	0.334366
17.736	5.78152	3.39405	3.8182	17.7853	5.62476	L0.00232074	17.6679	5.63506	3.27637	3.70762	0.177749	0.116949	1.52026	0.33232
17.9037	5.97368	3.32468	3.87876	17.9216	6.07151	R0	17.8297	5.82221	3.19151	3.77458	0.176753	0.117483	1.51003	0.330289
18.0877	6.16753	3.2957	3.93545	18.1263	6.16985	L0.000115986	17.9872	6.01269	3.10453	3.84027	0.175954	0.118059	1.50009	0.328264
18.2505	6.36547	3.22574	3.99299	18.1245	6.79027	R0	18.1402	6.20641	3.01542	3.90462	0.17525	0.11869	1.49039	0.326255
18.3413	6.60369	2.99592	4.12366	18.2164	6.66138	L0.00163812	18.2888	6.40332	2.92421	3.96753	0.174211	0.120108	1.4807	0.324617
18.4888	6.81103	2.91464	4.18151	18.4022	7.02231	R0	18.4328	6.60333	2.83093	4.0289	0.173207	0.12163	1.47121	0.322992
18.6083	6.93593	2.81732	4.06521	18.5422	6.76013	L0.00252538	18.572	6.80638	2.7356	4.08867	0.172155	0.121734	1.4619	0.320952
18.7471	7.14019	2.74105	4.11702	18.8089	7.24388	R0	18.7064	7.01237	2.63825	4.14672	0.171136	0.121812	1.45278	0.318957
18.9758	7.28609	2.87972	4.04512	19.1441	7.18344	L0.00336589	18.8359	7.22122	2.53893	4.20299	0.170785	0.121272	1.44428	0.317467
19.1179	7.48918	2.81549	4.09008	18.5479	7.4012	R0	18.9604	7.43283	2.43767	4.25737	0.17063	0.120691	1.43605	0.316066
19.1693	7.75811	2.54343	4.26002	19.0138	7.8688	L0.00315641	19.0798	7.64712	2.3345	4.3098	0.169884	0.120579	1.42756	0.314204
19.2943	7.97197	2.46387	4.30652	19.3089	7.67375	R0	19.1939	7.86397	2.22949	4.36017	0.169224	0.120437	1.41926	0.312383
19.319	8.17503	2.18659	4.31611	19.132	8.12845	L0.00283656	19.3028	8.08329	2.12266	4.40842	0.168235	0.120139	1.41091	0.310701
19.4259	8.39162	2.09798	4.35987	19.0239	8.17194	R0	19.4062	8.30497	2.01409	4.45445	0.167267	0.119803	1.40271	0.309057
19.4724	8.51538	1.93009	4.21026	19.347	8.30741	L0.00407774	19.5042	8.5289	1.90381	4.49819	0.166338	0.119121	1.39463	0.308823
19.5666	8.72654	1.84391	4.24871	19.6843	8.35902	R0	19.5966	8.75494	1.7919	4.53956	0.165422	0.118481	1.38669	0.308624
19.7765	8.91723	2.01435	4.25279	20.0039	8.8906	L0.00424998	19.6835	8.983	1.67841	4.57848	0.164785	0.11802	1.37934	0.308821
19.8753	9.13041	1.94028	4.28709	19.6061	9.48659	R0	19.7645	9.21294	1.56341	4.61488	0.164282	0.117684	1.37223	0.309039
20.0326	9.37871	1.98958	4.38586	20.1574	9.45949	L0.00159774	19.8398	9.44463	1.44697	4.64869	0.164622	0.11724	1.36586	0.308569
20.1301	9.59847	1.91783	4.4177	19.6163	9.76606	R0	19.9093	9.67795	1.32916	4.67984	0.165337	0.116895	1.3598	0.308101
20.1992	9.84966	1.7819	4.50597	20.1573	9.90876	L0.000428248	19.9728	9.91275	1.21005	4.70826	0.166114	0.116449	1.35377	0.307158
20.2862	10.0754	1.70398	4.53601	19.1911	11.5493	R0	20.0303	10.1489	1.08972	4.73389	0.167323	0.116076	1.34804	0.3062
20.2949	10.3597	1.4399	4.66779	20.166	10.4687	L0.00241502	20.0818	10.3863	0.968259	4.75666	0.16787	0.115496	1.3418	0.304721
20.3645	10.5934	1.34796	4.69517	19.6775	10.803	R0	20.1271	10.6247	0.845742	4.77652	0.168741	0.114937	1.33577	0.303243
20.4055	10.8877	1.17702	4.83011	20.371	11.0109	L0.00124047	20.1663	10.864	0.722256	4.7934	0.169617	0.114368	1.32967	0.301699
20.4618	11.1295	1.07634	4.85353	19.4335	12.3402	R0	20.1993	11.1041	0.597892	4.80727	0.170819	0.113812	1.32375	0.300192
20.4429	11.3679	0.82001	4.85225	20.3164	11.3483	L0.00136668	20.2261	11.3449	0.472738	4.81807	0.171344	0.113259	1.31751	0.298692
20.4811	11.6106	0.710677	4.86947	19.2063	12.2418	R0	20.2466	11.5861	0.346889	4.82575	0.17209	0.112718	1.31141	0.297227
20.5487	11.8804	0.668719	4.94141	20.6141	11.9422	L0.000596553	20.2608	11.8275	0.220439	4.83027	0.173615	0.112282	1.30567	0.295959
20.5794	12.1274	0.560882	4.95481	19.966	11.9688	R0	20.2687	12.0692	0.093487	4.83159	0.17548	0.111879	1.30007	0.294757
20.5022	12.4167	0.203445	5.0162	20.3263	12.4966	L0.00326457	20.2701	12.3108	-0.0338694	4.82968	0.176117	0.111823	1.29396	0.293898
20.5093	12.6672	0.079958	5.01969	20.0192	12.4823	R0	20.2652	12.5522	-0.161529	4.82451	0.176894	0.111854	1.28794	0.293107
20.506	12.9099	-0.0499442	5.00428	20.498	12.8924	L2.60852e-05	20.254	12.7933	-0.28939	4.81605	0.17776	0.1119	1.28201	0.292286
20.5004	13.1597	-0.173457	5.00152	20.9151	12.2555	R0	20.2363	13.0339	-0.417348	4.80428	0.178769	0.112039	1.27616	0.291534
20.3827	13.336	-0.503228	4.82167	20.1943	13.1688	L0.00491793	20.2122	13.2738	-0.545298	4.78918	0.178693	0.111677	1.27019	0.290185
20.3542	13.5763	-0.634458	4.80616	19.858	13.5236	R0	20.1818	13.5129	-0.673135	4.77072	0.178637	0.111326	1.2643	0.288859
20.321	13.8387	-0.770188	4.83017	20.3245	13.8896	L0.000179109	20.1449	13.7509	-0.800753	4.74892	0.178614	0.111133	1.2585	0.287636
20.2793	14.0793	-0.901357	4.80742	20.3387	13.5307	R0	20.1017	13.9878	-0.928043	4.72374	0.178605	0.11097	1.25276	0.286437
20.1916	14.3242	-1.12127	4.77479	20.1216	14.337	L0.000432675	20.0521	14.2233	-1.0549	4.69521	0.178291	0.110883	1.24712	0.285244
20.1323	14.5618	-1.25561	4.74123	19.6717	14.4038	R0	19.9962	14.4573	-1.18121	4.66331	0.177959	0.110827	1.24156	0.284063
19.9635	14.7886	-1.61277	4.63633	19.781	14.773	L0.00288373	19.934	14.6897	-1.30687	4.62805	0.177191	0.110727	1.23639	0.282804
19.8794	15.0187	-1.7553	4.58427	20.1149	14.0165	R0	19.8655	14.9202	-1.43177	4.58944	0.176417	0.110627	1.23133	0.281562
19.8713	15.2354	-1.71004	4.54859	20.0208	15.2053	L0.00194329	19.7908	15.1486	-1.55581	4.54751	0.175809	0.110441	1.22605	0.280335
19.7826	15.4612	-1.84054	4.49737	20.0157	15.3443	R0	19.7099	15.3749	-1.67887	4.50226	0.17518	0.110256	1.22085	0.279124
19.7666	15.646	-1.78825	4.40282	19.9131	15.554	L0.00230426	19.6229	15.5989	-1.80085	4.45372	0.174935	0.10987	1.21562	0.277969
19.6744	15.8646	-1.90699	4.3527	19.9388	15.0864	R0	19.5298	15.8203	-1.92164	4.40193	0.1747	0.109479	1.21046	0.276825
19.5394	16.057	-2.09856	4.2394	19.4748	16.0098	L0.000532048	19.4307	16.039	-2.04114	4.3469	0.17425	0.109031	1.20537	0.275836
19.4317	16.2671	-2.21738	4.17848	19.1556	16.0022	R0	19.3257	16.2549	-2.15925	4.28868	0.173792	0.108581	1.20035	0.274868
19.287	16.4089	-2.38412	3.97597	19.238	16.2719	L0.00159246	19.2148	16.4679	-2.27586	4.22731	0.173197	0.108264	1.19542	0.274682
19.1651	16.6056	-2.50076	3.90366	19.4007	16.2962	R0	19.0981	16.6777	-2.39087	4.16284	0.172592	0.108017	1.19055	0.274559
19.026	16.8108	-2.64212	3.84568	19.0029	16.8387	L9.20869e-05	18.9757	16.8841	-2.50418	4.0953	0.171949	0.10778	1.18577	0.274365
18.8913	17.0008	-2.75531	3.76542	18.8373	17.7112	R0	18.8477	17.0872	-2.61571	4.02476	0.171299	0.107624	1.18104	0.274247
18.7073	17.2471	-2.9719	3.77603	18.6148	17.3832	L0.00186983	18.7142	17.2866	-2.72534	3.95127	0.170613	0.107251	1.17652	0.273597
18.5561	17.4334	-3.0838	3.68521	18.8177	17.0316	R0	18.5752	17.4822	-2.83299	3.87489	0.169943	0.106913	1.17205	0.273033
18.2956	17.589	-3.40665	3.47565	18.1023	17.5529	L0.00320355	18.4309	17.674	-2.93858	3.79568	0.169698	0.106758	1.16817	0.273434
18.1228	17.7596	-3.51841	3.36247	18.2749	17.4877	R0	18.2814	17.8617	-3.042	3.71372	0.169614	0.106723	1.16436	0.274128
18.0381	17.9704	-3.43897	3.39371	18.2094	18.0461	L0.00297661	18.1268	18.0453	-3.14318	3.62906	0.169136	0.106512	1.16013	0.273849
17.8639	18.1372	-3.53915	3.2891	18.3021	17.498	R0	17.9671	18.2246	-3.24204	3.5418	0.168727	0.106378	1.15595	0.273692
17.757	18.2775	-3.48395	3.17494	17.9018	18.2183	L0.00178318	17.8026	18.3994	-3.3385	3.45199	0.168129	0.106506	1.1516	0.273718
17.5808	18.4334	-3.57423	3.07296	18.8558	18.1364	R0	17.6334	18.5697	-3.43247	3.35973	0.167553	0.106763	1.1473	0.273819
17.3977	18.6236	-3.67146	3.04746	17.3845	18.7039	L0.000487475	17.4595	18.7353	-3.5239	3.26509	0.167008	0.106801	1.14305	0.27344
17.2123	18.7731	-3.75602	2.9426	17.7945	18.0801	R0	17.281	18.8962	-3.61271	3.16817	0.16649	0.106931	1.13884	0.273113
17.0737	18.9106	-3.73377	2.84492	17.1762	18.8863	L0.00081954	17.0983	19.0521	-3.69883	3.06904	0.165885	0.107228	1.13462	0.272783
16.8854	19.0501	-3.8104	2.74144	16.9398	19.7311	R0	16.9113	19.203	-3.78221	2.9678	0.165289	0.107635	1.13044	0.27247
16.6502	19.1369	-3.96294	2.51817	16.5734	19.052	L0.0011184	16.7201	19.3488	-3.86278	2.86455	0.164793	0.108758	1.12634	0.273082
16.4506	19.2597	-4.03455	2.40176	16.1674	20.2201	R0	16.5251	19.4894	-3.9405	2.75938	0.164318	0.110112	1.12228	0.273789
16.2484	19.4577	-4.11271	2.4531	16.2338	19.6171	L0.00196667	16.3262	19.6246	-4.01531	2.65237	0.163858	0.110625	1.11827	0.273325
16.0414	19.5774	-4.17842	2.33942	16.4366	18.2742	R0	16.1237	19.7545	-4.08716	2.54364	0.16342	0.111241	1.11429	0.272894
15.8659	19.7546	-4.17756	2.37387	15.9243	19.8703	L0.00142599	15.9176	19.8789	-4.15602	2.43329	0.162898	0.11134	1.11034	0.27197
15.6559	19.8704	-4.23681	2.26643	16.2328	19.2166	R0	15.7082	19.9978	-4.22185	2.32141	0.162383	0.111461	1.10642	0.27105
15.4444	20.0506	-4.29346	2.3083	15.4332	20.1836	L0.00141304	15.4956	20.111	-4.28461	2.2081	0.16187	0.111185	1.10255	0.270231
15.2287	20.1632	-4.34758	2.20467	14.3677	21.3406	R0	15.2799	20.2185	-4.34427	2.09347	0.161364	0.110894	1.09871	0.26945
15.0768	20.3335	-4.26826	2.25903	15.2016	20.4385	L0.00227438	15.0613	20.3203	-4.4008	1.97763	0.160812	0.110517	1.09497	0.269535
14.8625	20.444	-4.31623	2.16597	14.7476	19.9571	R0	14.84	20.4162	-4.4542	1.86068	0.160271	0.110161	1.09128	0.269796
14.6539	20.5709	-4.34631	2.12012	14.6665	20.6088	L0.000137943	14.6161	20.5063	-4.50443	1.74272	0.159755	0.109915	1.08764	0.270672
14.4359	20.6744	-4.39008	2.02795	13.841	21.0031	R0	14.3897	20.5904	-4.55149	1.62386	0.15926	0.10976	1.08404	0.271793
14.1586	20.7062	-4.53854	1.76793	14.0521	20.5924	L0.00209532	14.1611	20.6686	-4.59537	1.50421	0.158725	0.109435	1.0804	0.27174
13.931	20.7918	-4.57855	1.66154	13.8232	20.859	R0	13.9304	20.7408	-4.63606	1.38386	0.158195	0.109149	1.0768	0.27178
13.6234	20.8155	-4.75695	1.39432	13.4686	20.7253	L0.00262546	13.6977	20.807	-4.67357	1.26294	0.157786	0.108789	1.07325	0.27109
13.385	20.8821	-4.791	1.27241	13.8263	20.4261	R0	13.4632	20.8671	-4.70789	1.14153	0.157394	0.108437	1.06974	0.270405
13.1308	20.9015	-4.83982	1.05173	13.1072	20.8294	L0.000503474	13.2271	20.9211	-4.73904	1.01975	0.157072	0.108094	1.06627	0.269532
12.8886	20.9508	-4.86614	0.922342	13.2669	21.1579	R0	12.9895	20.969	-4.76702	0.897694	0.156772	0.107753	1.06283	0.268663
12.7185	21.0209	-4.75697	0.884522	12.8729	21.0592	L0.00188821	12.7506	21.0108	-4.79186	0.775469	0.156287	0.107407	1.0594	0.267938
12.4805	21.062	-4.7779	0.76342	11.5171	21.6724	R0	12.5106	21.0465	-4.81358	0.653175	0.155804	0.10707	1.056	0.267224
12.2306	21.1012	-4.81726	0.646662	12.2062	21.11	L4.62121e-05	12.2695	21.0761	-4.83219	0.530912	0.155338	0.106747	1.05264	0.266532
11.9897	21.1305	-4.83211	0.524251	12.3859	21.1066	R0	12.0276	21.0996	-4.84773	0.408778	0.154875	0.106437	1.0493	0.265845
11.7238	21.0493	-4.85923	0.160899	11.6814	20.8651	L0.00308969	11.785	21.117	-4.86022	0.286869	0.154463	0.106238	1.046	0.265196
11.4812	21.0539	-4.86183	0.0240513	11.5265	20.6748	R0	11.5418	21.1283	-4.86971	0.165281	0.154054	0.106068	1.04272	0.264602
11.2776	21.0589	-4.79065	-0.0810156	11.363	21.0688	L0.000519392	11.2982	21.1335	-4.87623	0.0441057	0.153584	0.105902	1.0395	0.263963
11.0385	21.0515	-4.78654	-0.214275	10.5558	20.5567	R0	11.0544	21.1327	-4.87982	-0.076565	0.153114	0.105767	1.03631	0.26337
10.8274	20.9983	-4.7138	-0.422417	10.8903	20.927	L0.000690941	10.8105	21.1259	-4.88053	-0.196643	0.152649	0.105914	1.03321	0.263155
10.5924	20.9739	-4.69969	-0.557946	9.30535	21.3896	R0	10.5666	21.1131	-4.8784	-0.31604	0.152197	0.106149	1.03015	0.263031
10.3062	21.0374	-4.80981	-0.499972	10.189	21.209	L0.00340786	10.3229	21.0943	-4.87349	-0.434674	0.15174	0.10592	1.02704	0.262282
10.0664	21.0092	-4.79498	-0.626384	9.97958	21.2932	R0	10.0795	21.0697	-4.86585	-0.552463	0.151286	0.105704	1.02395	0.261554
9.88015	20.9765	-4.67929	-0.734513	9.99634	20.9797	L0.000931715	9.83658	21.0391	-4.85554	-0.669327	0.15087	0.105499	1.02097	0.260818
9.64706	20.9368	-4.65833	-0.857425	9.38223	21.111	R0	9.59422	21.0028	-4.84262	-0.785189	0.150476	0.105307	1.01803	0.260101
9.45389	20.8854	-4.56005	-0.981888	9.53921	20.8762	L0.000511331	9.35258	20.9607	-4.82714	-0.899977	0.150232	0.105155	1.01522	0.259406
9.22693	20.8333	-4.53237	-1.10262	9.63392	20.9724	R0	9.11177	20.9128	-4.80919	-1.01362	0.15005	0.105023	1.01245	0.258732
8.90811	20.7933	-4.68232	-1.20459	8.70331	20.8221	L0.00299241	8.87192	20.8594	-4.78881	-1.12605	0.149636	0.104837	1.00952	0.258045
8.67517	20.7302	-4.64974	-1.3248	9.84634	20.009	R0	8.63315	20.8003	-4.76608	-1.2372	0.149235	0.104668	1.00662	0.25738
8.37597	20.5991	-4.71686	-1.59992	8.22277	20.4839	L0.00267565	8.39557	20.7358	-4.74108	-1.34701	0.14881	0.104881	1.00371	0.257355
8.14161	20.5161	-4.67186	-1.7269	8.29647	20.4978	R0	8.1593	20.6657	-4.71387	-1.45542	0.148388	0.105192	1.00083	0.257438
7.90195	20.4354	-4.6418	-1.83452	7.88599	20.45	L3.7986e-05	7.92445	20.5903	-4.68453	-1.56237	0.147973	0.105543	0.997969	0.257524
7.67148	20.3407	-4.59102	-1.95815	8.29081	20.6565	R0	7.69111	20.5096	-4.65313	-1.66781	0.14756	0.106009	0.995141	0.257723
7.35839	20.2987	-4.72419	-1.95833	7.18029	20.392	L0.00315621	7.45939	20.4237	-4.61975	-1.7717	0.147338	0.106126	0.992357	0.257376
7.12378	20.1981	-4.67443	-2.07429	7.09214	20.1196	R0	7.22939	20.3326	-4.58448	-1.87399	0.147137	0.106306	0.989589	0.257091
6.86592	20.1273	-4.68547	-2.10954	6.81542	20.1859	L0.000519641	7.00119	20.2364	-4.54738	-1.97462	0.147073	0.106322	0.986875	0.25657
6.63327	20.0192	-4.63441	-2.21947	6.89359	20.1536	R0	6.7749	20.1352	-4.50854	-2.07357	0.147043	0.106378	0.984174	0.256087
6.3967	19.9454	-4.60834	-2.23886	6.38914	20.0137	L0.000422485	6.55059	20.0292	-4.46805	-2.17079	0.147082	0.106266	0.981507	0.255429
6.16791	19.831	-4.55661	-2.34234	6.67637	20.2142	R0	6.32834	19.9183	-4.42598	-2.26625	0.147158	0.106171	0.978855	0.254789
5.9135	19.7564	-4.57341	-2.34491	5.86119	19.8306	L0.000737838	6.10823	19.8027	-4.38241	-2.35993	0.14746	0.105936	0.976279	0.254094
5.68643	19.6369	-4.52256	-2.44155	5.28178	19.5036	R0	5.89034	19.6824	-4.33744	-2.45178	0.147825	0.105701	0.973718	0.253404
5.5344	19.5305	-4.3354	-2.49498	5.69089	19.5755	L0.00184799	5.67472	19.5577	-4.29114	-2.5418	0.147786	0.105434	0.971088	0.252741
5.31932	19.4036	-4.2805	-2.58805	5.9506	18.9859	R0	5.46145	19.4284	-4.24359	-2.62995	0.147756	0.105166	0.968478	0.25208
5.12388	19.3306	-4.21081	-2.55347	5.17021	19.4397	L0.00109352	5.25059	19.2948	-4.19488	-2.71622	0.147651	0.104917	0.965886	0.251686
4.91497	19.201	-4.15767	-2.63912	5.87397	19.301	R0	5.04219	19.157	-4.1451	-2.80059	0.14755	0.104687	0.963314	0.251292
4.76968	19.0333	-3.97236	-2.79042	4.89149	18.982	L0.00139694	4.8363	19.015	-4.09432	-2.88305	0.147239	0.104418	0.960803	0.250717
4.5729	18.8918	-3.91011	-2.87701	3.98679	19.0452	R0	4.63297	18.8689	-4.04263	-2.96359	0.146916	0.104156	0.958319	0.250135
4.40642	18.7749	-3.80423	-2.89931	4.4685	18.834	L0.000515832	4.43224	18.7188	-3.99012	-3.0422	0.146542	0.103962	0.955902	0.249694
4.21808	18.6281	-3.74045	-2.98114	4.69245	18.4634	R0	4.23416	18.5648	-3.93685	-3.11888	0.146165	0.103791	0.953515	0.249241
4.10757	18.4738	-3.52801	-3.05923	4.26269	18.481	L0.00175862	4.03876	18.4071	-3.88293	-3.19362	0.14587	0.103634	0.951384	0.248783
3.93319	18.3191	-3.45724	-3.13899	3.42434	18.8357	R0	3.84606	18.2457	-3.82841	-3.26644	0.145628	0.1035	0.949303	0.248309
3.66358	18.1687	-3.58367	-3.20935	3.45919	18.167	L0.00307615	3.65611	18.0807	-3.77339	-3.33732	0.145255	0.103427	0.946964	0.247841
3.48638	18.0066	-3.51508	-3.28433	4.3011	17.9267	R0	3.46891	17.9122	-3.71795	-3.40627	0.144889	0.103383	0.944656	0.247362
3.25312	17.8137	-3.55435	-3.41649	3.12525	17.7493	L0.00142653	3.28449	17.7402	-3.66215	-3.47331	0.144538	0.103253	0.942287	0.246766
3.07746	17.6413	-3.48287	-3.48934	2.65664	17.888	R0	3.10287	17.565	-3.60609	-3.53844	0.144184	0.103134	0.939945	0.246167
2.91022	17.5838	-3.44413	-3.3133	2.9449	17.8154	L0.00420825	2.92405	17.3866	-3.54982	-3.60167	0.143825	0.10382	0.93761	0.246397
2.73981	17.4168	-3.38251	-3.37619	3.26647	17.0897	R0	2.74805	17.2051	-3.49344	-3.66302	0.143466	0.104637	0.935296	0.246616
2.57024	17.1923	-3.30465	-3.5506	2.55407	17.0853	L0.000893857	2.57486	17.0205	-3.437	-3.72251	0.143109	0.105077	0.933013	0.2463
2.407	17.0135	-3.23499	-3.61418	2.55039	16.8884	R0	2.4045	16.833	-3.38059	-3.78014	0.142755	0.105583	0.930757	0.245967
2.24941	16.832	-3.15998	-3.67535	2.25371	16.8334	L1.48404e-06	2.23695	16.6427	-3.32428	-3.83595	0.142405	0.106157	0.928534	0.245619
2.09345	16.647	-3.08782	-3.73618	1.57735	16.0489	R0	2.07221	16.4497	-3.26812	-3.88995	0.142063	0.106794	0.926341	0.245253
1.93262	16.341	-2.97767	-4.03808	1.88972	16.1054	L0.00429641	1.91027	16.254	-3.21219	-3.94216	0.141725	0.106706	0.924224	0.244746
1.78615	16.1378	-2.89038	-4.10101	1.74362	16.2687	R0	1.75112	16.0557	-3.15656	-3.99261	0.141402	0.106601	0.922165	0.244268
1.57279	15.9885	-2.97959	-4.04664	1.44745	16.0853	L0.00220889	1.59474	15.8549	-3.10129	-4.04132	0.141068	0.106748	0.919973	0.243677
1.42598	15.7851	-2.90184	-4.10275	1.6097	15.5526	R0	1.44111	15.6517	-3.04644	-4.08832	0.140732	0.106891	0.917814	0.243093
1.25302	15.5312	-2.86728	-4.25436	1.18395	15.4284	L0.00106421	1.29021	15.4463	-2.99207	-4.13364	0.140419	0.106797	0.915656	0.242654
1.11193	15.3174	-2.78484	-4.30877	0.828993	15.528	R0	1.14201	15.2386	-2.93825	-4.1773	0.1401	0.106681	0.913535	0.242246
0.889727	15.0768	-2.87788	-4.4071	0.722706	15.0075	L0.00242964	0.996486	15.0288	-2.88503	-4.21933	0.13996	0.106479	0.911368	0.242017
0.748027	14.8556	-2.79864	-4.45784	1.03147	15.2134	R0	0.853604	14.8169	-2.83246	-4.25977	0.139818	0.106261	0.909219	0.241828
0.652962	14.6525	-2.63349	-4.46692	0.737301	14.7047	L0.00071289	0.71333	14.603	-2.78061	-4.29864	0.139551	0.106065	0.907138	0.241535
0.523551	14.4282	-2.55059	-4.51477	0.722177	14.2445	R0	0.575628	14.3872	-2.72952	-4.33598	0.13927	0.105855	0.905098	0.24128
0.347011	14.2062	-2.58098	-4.55095	0.253435	14.2029	L0.000733106	0.440459	14.1696	-2.67925	-4.37181	0.139092	0.105638	0.903016	0.241028
0.220127	13.9779	-2.50181	-4.59495	-0.0328023	13.9604	R0	0.307779	13.9502	-2.62984	-4.40617	0.138897	0.10541	0.900965	0.240812
0.227611	13.717	-2.12438	-4.6918	0.459172	13.6856	L0.0047742	0.177545	13.7292	-2.58135	-4.43909	0.138619	0.10517	0.899422	0.240868
0.123959	13.4817	-2.02772	-4.73438	0.0524412	13.6377	R0	0.0497099	13.5065	-2.53381	-4.47061	0.138392	0.104941	0.898011	0.240978
-0.0525467	13.2633	-2.10822	-4.74336	-0.190344	13.2856	L0.00170479	-0.0757753	13.2823	-2.48728	-4.50075	0.138084	0.10471	0.896325	0.240986
-0.155598	13.0255	-2.01982	-4.78167	-0.275043	13.1456	R0	-0.198962	13.0566	-2.44179	-4.52955	0.137801	0.104492	0.894738	0.241038
-0.15036	12.8256	-1.71993	-4.73236	0.0462308	12.9301	L0.00375007	-0.319903	12.8295	-2.39739	-4.55704	0.137961	0.104256	0.893874	0.240781
-0.233807	12.5885	-1.6228	-4.76654	-0.684792	12.3563	R0	-0.438654	12.6011	-2.35412	-4.58326	0.138335	0.104024	0.893208	0.240552
-0.371066	12.3575	-1.65574	-4.78971	-0.476482	12.3633	L0.000952803	-0.555273	12.3714	-2.31202	-4.60823	0.138575	0.103795	0.892286	0.24032
-0.451452	12.1176	-1.5644	-4.82031	-0.972122	12.5207	R0	-0.669818	12.1404	-2.27111	-4.63198	0.139033	0.103574	0.891543	0.240113
-0.550118	11.9294	-1.53955	-4.74891	-0.582624	12.0386	L0.000998343	-0.78235	11.9083	-2.23144	-4.65456	0.139585	0.103353	0.890755	0.239661
-0.624847	11.6916	-1.45402	-4.77579	-1.26757	11.6495	R0	-0.892931	11.6751	-2.19304	-4.67598	0.140412	0.10313	0.89014	0.239223
-0.864311	11.4437	-1.74116	-4.81529	-1.17212	11.3988	L0.00800507	-1.00163	11.4409	-2.15594	-4.69628	0.140399	0.102903	0.888604	0.238826
-0.949555	11.2027	-1.67371	-4.83915	-0.891441	10.959	R0	-1.1085	11.2057	-2.12017	-4.71549	0.140486	0.102677	0.887146	0.238442
-1.16262	10.9932	-1.90692	-4.78211	-1.39289	11.0424	L0.00486564	-1.21362	10.9695	-2.08575	-4.73364	0.140219	0.102465	0.885286	0.237943
-1.25657	10.754	-1.85651	-4.8019	-1.29894	10.9012	R0	-1.31706	10.7324	-2.05273	-4.75075	0.139971	0.102252	0.883454	0.237449
-1.39993	10.4864	-1.92005	-4.86526	-1.49687	10.4198	L0.00104659	-1.41889	10.4945	-2.02111	-4.76686	0.139673	0.102032	0.881565	0.237023
-1.49463	10.2431	-1.87362	-4.88333	-1.59293	10.0212	R0	-1.51917	10.2559	-1.99093	-4.78198	0.139381	0.101815	0.879696	0.236605
-1.60318	10.0761	-1.87442	-4.74935	-1.61875	10.2374	L0.00193746	-1.61797	10.0165	-1.96221	-4.79615	0.139085	0.101671	0.877825	0.236116
-1.69576	9.83855	-1.83434	-4.76497	-1.59702	9.96554	R0	-1.71539	9.77637	-1.93498	-4.80939	0.138793	0.101535	0.875972	0.235629
-1.76948	9.63564	-1.76207	-4.71436	-1.73381	9.71347	L0.000509984	-1.81147	9.53564	-1.90924	-4.82172	0.138525	0.101529	0.874159	0.235232
-1.85645	9.39989	-1.72196	-4.72916	-2.27191	9.37316	R0	-1.90631	9.29431	-1.88502	-4.83316	0.138269	0.101546	0.87237	0.23483
-1.93311	9.03739	-1.63712	-4.98656	-1.93833	8.77028	L0.0051257	-1.99998	9.05243	-1.86233	-4.84374	0.138046	0.101336	0.870651	0.234518
-2.01361	8.78802	-1.58795	-5.00244	-1.96565	9.13274	R0	-2.09256	8.81003	-1.8412	-4.85347	0.13785	0.101133	0.868975	0.234224
-2.12263	8.54052	-1.61012	-5.01094	-2.1768	8.5411	L0.000257303	-2.18412	8.56717	-1.82164	-4.86238	0.137619	0.100936	0.867263	0.233931
-2.20188	8.28998	-1.56454	-5.02536	-2.65862	8.19477	R0	-2.27474	8.32388	-1.80365	-4.87047	0.137413	0.10075	0.865592	0.233657
-2.25901	8.07432	-1.48165	-4.97232	-2.21875	8.15339	L0.000549615	-2.3645	8.0802	-1.78726	-4.87778	0.137295	0.100541	0.864018	0.233251
-2.33183	7.82573	-1.43552	-4.98583	-2.273	8.52315	R0	-2.45348	7.83617	-1.77248	-4.8843	0.137234	0.100335	0.862503	0.23286
-2.47374	7.58833	-1.55285	-4.97176	-2.59674	7.60288	L0.00137245	-2.54177	7.59184	-1.75931	-4.89006	0.137021	0.100129	0.860829	0.23244
-2.55035	7.33981	-1.51574	-4.9832	-3.08256	7.38874	R0	-2.62944	7.34723	-1.74777	-4.89507	0.136834	0.0999246	0.859191	0.232032
-2.68797	7.08521	-1.62052	-4.99814	-2.79865	7.064	L0.00108368	-2.71658	7.10238	-1.73786	-4.89933	0.136567	0.0997265	0.857469	0.231644
-2.76813	6.83542	-1.59059	-5.00774	-2.79412	7.20818	R0	-2.80326	6.85734	-1.72958	-4.90286	0.136307	0.0995334	0.85577	0.231269
-2.81499	6.67389	-1.50132	-4.85119	-2.74651	6.86867	L0.00296187	-2.88957	6.61214	-1.72295	-4.90566	0.136114	0.0994094	0.854152	0.230826
-2.88921	6.43145	-1.47185	-4.86021	-2.57673	6.36755	R0	-2.97559	6.36681	-1.71797	-4.90774	0.13595	0.0992937	0.852572	0.23038
-2.94091	6.20081	-1.39769	-4.84717	-2.90217	6.22989	L0.000178411	-3.0614	6.12139	-1.71464	-4.90911	0.135891	0.0992218	0.851095	0.229951
-3.00991	5.95857	-1.36623	-4.85613	-3.50172	6.10796	R0	-3.14709	5.87592	-1.71297	-4.90976	0.135896	0.099161	0.849674	0.229515
-3.11085	5.65865	-1.4006	-4.97192	-3.1778	5.53101	L0.00145599	-3.23274	5.63043	-1.71295	-4.9097	0.135843	0.0989793	0.848209	0.229091
-3.18002	5.4102	-1.3703	-4.98036	-3.19736	5.19093	R0	-3.31843	5.38496	-1.71458	-4.90893	0.135854	0.0987955	0.846802	0.228681
-3.31304	5.1462	-1.48661	-5.01141	-3.43031	5.10507	L0.00126693	-3.40424	5.13955	-1.71787	-4.90745	0.135706	0.0986009	0.845252	0.228322
-3.38669	4.89582	-1.46354	-5.0182	-3.4281	4.94644	R0	-3.49026	4.89422	-1.72281	-4.90525	0.135595	0.0984067	0.843743	0.227982
-3.54302	4.60961	-1.62989	-5.08023	-3.69435	4.52196	L0.00241448	-3.57657	4.64902	-1.72939	-4.90233	0.135345	0.0982446	0.842111	0.227807
-3.62404	4.35585	-1.61563	-5.08478	-3.50501	4.17643	R0	-3.66325	4.40398	-1.73763	-4.89868	0.135102	0.0980986	0.840499	0.227659
-3.81291	4.08933	-1.85335	-5.08951	-4.00238	4.04684	L0.00323346	-3.75039	4.15913	-1.74749	-4.8943	0.134896	0.0980044	0.838888	0.227542
-3.90541	3.8352	-1.85202	-5.09	-4.06447	4.10977	R0	-3.83806	3.91452	-1.75899	-4.88918	0.134699	0.0979388	0.837281	0.227444
-3.95763	3.63344	-1.76202	-4.99884	-3.88053	3.75177	L0.00141591	-3.92635	3.67019	-1.77212	-4.8833	0.134453	0.0977762	0.835663	0.227118
-4.0455	3.38381	-1.75795	-5.00027	-4.23729	3.88878	R0	-4.01533	3.42616	-1.78686	-4.87666	0.134207	0.0976233	0.834056	0.226811
-4.14137	3.16182	-1.7749	-4.94727	-4.15119	3.21968	L0.000256454	-4.10509	3.18248	-1.8032	-4.86925	0.133969	0.0974445	0.832459	0.226427
-4.22994	2.91479	-1.77294	-4.94798	-4.27467	2.88187	R0	-4.19571	2.93919	-1.82113	-4.86104	0.133729	0.0972701	0.830874	0.226059
-4.31849	2.63037	-1.76725	-5.0204	-4.32451	2.55034	L0.00045635	-4.28727	2.69633	-1.84065	-4.85202	0.133489	0.0971701	0.829305	0.225867
-4.40664	2.37967	-1.76374	-5.02163	-4.38481	2.39989	R0	-4.37985	2.45393	-1.86173	-4.84218	0.133246	0.0970935	0.827755	0.22571
-4.53699	2.11929	-1.85576	-5.03406	-4.61223	2.09192	L0.000528723	-4.47352	2.21205	-1.88436	-4.83149	0.133052	0.0970776	0.826194	0.225627
-4.62968	1.86795	-1.85689	-5.03365	-4.29257	1.92854	R0	-4.56836	1.97072	-1.90853	-4.81994	0.132854	0.0970996	0.824645	0.225583
-4.77432	1.59312	-1.9747	-5.06787	-4.86829	1.53442	L0.000957019	-4.66444	1.72998	-1.93422	-4.80751	0.132776	0.0972788	0.823103	0.225723
-4.87307	1.34014	-1.98105	-5.0654	-4.98165	1.43611	R0	-4.76186	1.48989	-1.9614	-4.79417	0.132702	0.0975271	0.821567	0.22591
-4.86425	1.1451	-1.75019	-4.96926	-4.66779	1.28643	L0.00448476	-4.86066	1.25049	-1.99007	-4.7799	0.132455	0.0975575	0.820169	0.225785
-4.95154	0.896952	-1.7463	-4.97062	-4.98594	1.10894	R0	-4.96095	1.01182	-2.02019	-4.76468	0.132211	0.0976272	0.818818	0.225715
-4.97486	0.701943	-1.60951	-4.87571	-4.85498	0.825661	L0.00216868	-5.06277	0.77393	-2.05174	-4.74848	0.132075	0.097545	0.817748	0.225431
-5.055	0.458424	-1.60057	-4.87865	-4.84736	0.18101	R0	-5.16621	0.536876	-2.08471	-4.73127	0.132004	0.0974817	0.816771	0.225193
-5.13121	0.228185	-1.58609	-4.85631	-5.1231	0.257311	L6.35902e-05	-5.27133	0.300706	-2.11906	-4.71303	0.132035	0.0974019	0.815911	0.224948
-5.21019	-0.0143603	-1.57732	-4.85916	-5.99809	-0.290765	R0	-5.3782	0.0654719	-2.15477	-4.69374	0.132184	0.0973436	0.815168	0.224759
-5.29338	-0.242784	-1.58087	-4.83455	-5.29972	-0.212982	L6.90878e-05	-5.4869	-0.168772	-2.1918	-4.67335	0.132458	0.0972689	0.814518	0.224561
-5.37213	-0.484231	-1.57324	-4.83704	-5.64447	-0.144522	R0	-5.59748	-0.401971	-2.23014	-4.65185	0.132912	0.0972187	0.814002	0.22443
-5.59962	-0.630335	-1.89805	-4.63288	-5.85359	-0.445801	L0.00847853	-5.71001	-0.634069	-2.26974	-4.62919	0.132838	0.0970433	0.812838	0.224025
-5.69471	-0.861515	-1.91095	-4.62758	-5.30947	-0.724468	R0	-5.82456	-0.865006	-2.31058	-4.60536	0.132827	0.0968688	0.811729	0.223626
-5.81903	-1.14718	-1.98578	-4.72056	-5.87835	-1.26863	L0.00127231	-5.94118	-1.09472	-2.35262	-4.58032	0.13279	0.096746	0.81057	0.223382
-5.91853	-1.38272	-1.99993	-4.71458	-5.68069	-1.52871	R0	-6.05993	-1.32316	-2.39581	-4.55404	0.132822	0.0966387	0.809467	0.223189
-6.11149	-1.57889	-2.22098	-4.6074	-6.27263	-1.50938	L0.00269958	-6.18087	-1.55025	-2.44014	-4.52648	0.13265	0.0964817	0.808132	0.222844
-6.22301	-1.80861	-2.24666	-4.59493	-6.11355	-1.75966	R0	-6.30406	-1.77593	-2.48555	-4.49762	0.132503	0.0963302	0.806823	0.222524
-6.33548	-2.06938	-2.27096	-4.64387	-6.34007	-2.13685	L0.000325955	-6.42954	-2.00014	-2.532	-4.46742	0.132386	0.0962479	0.805546	0.222378
-6.44947	-2.30094	-2.29533	-4.63187	-6.99344	-2.17445	R0	-6.55738	-2.22281	-2.57946	-4.43585	0.132308	0.09619	0.804303	0.222291
-6.6483	-2.49954	-2.50677	-4.5296	-6.79288	-2.4458	L0.00211682	-6.68761	-2.44386	-2.62788	-4.40288	0.132096	0.0960778	0.802923	0.222027
-6.77431	-2.72521	-2.5409	-4.51054	-7.14408	-2.67584	R0	-6.82029	-2.66323	-2.6772	-4.36847	0.131893	0.0959796	0.801558	0.221798
-6.86224	-3.00091	-2.48389	-4.60389	-6.8003	-3.10086	L0.0011567	-6.95546	-2.88084	-2.7274	-4.3326	0.131778	0.096074	0.80029	0.22199
-6.98695	-3.23039	-2.51176	-4.58874	-7.13937	-3.22028	R0	-7.09316	-3.09663	-2.7784	-4.29523	0.131698	0.0962304	0.799054	0.222278
-7.12045	-3.39568	-2.56014	-4.44689	-7.12118	-3.26434	L0.00127061	-7.23344	-3.3105	-2.83017	-4.25632	0.131638	0.0961944	0.797828	0.222176
-7.24904	-3.61726	-2.59106	-4.42895	-7.77186	-4.08999	R0	-7.37632	-3.5224	-2.88265	-4.21586	0.131623	0.0961898	0.796635	0.222145
-7.42684	-3.72243	-2.72502	-4.16985	-7.49009	-3.49081	L0.00454569	-7.52184	-3.73223	-2.93579	-4.1738	0.131515	0.0960261	0.795361	0.221763
-7.56387	-3.92998	-2.76417	-4.144	-7.52393	-3.88213	R0	-7.67004	-3.93992	-2.98953	-4.13012	0.131436	0.0958633	0.794108	0.221385
-7.76183	-4.1848	-2.93027	-4.19254	-7.88049	-4.29783	L0.0019044	-7.82094	-4.14538	-3.04381	-4.08479	0.131257	0.0957273	0.792779	0.221096
-7.90918	-4.39338	-2.97244	-4.16275	-8.08524	-4.57834	R0	-7.97457	-4.34854	-3.09857	-4.03778	0.131089	0.0956001	0.791464	0.22084
-8.11238	-4.66116	-3.13018	-4.23314	-8.22492	-4.79812	L0.0021894	-8.13095	-4.5493	-3.15376	-3.98906	0.130871	0.0956599	0.790123	0.220923
-8.26977	-4.87169	-3.17418	-4.20024	-8.453	-4.95621	R0	-8.2901	-4.74759	-3.2093	-3.93862	0.130655	0.0957702	0.788789	0.221073
-8.3956	-5.09132	-3.14345	-4.2012	-8.33552	-5.1059	L0.000334037	-8.45204	-4.94331	-3.26514	-3.88641	0.130476	0.0959938	0.787492	0.221455
-8.55355	-5.30032	-3.18351	-4.17093	-8.55062	-4.79248	R0	-8.61678	-5.13637	-3.32121	-3.83242	0.130309	0.096302	0.78621	0.221951
-8.78411	-5.50553	-3.37732	-4.10887	-8.91477	-5.51752	L0.00140795	-8.78433	-5.32669	-3.37745	-3.77663	0.130091	0.0966956	0.784894	0.222411
-8.95387	-5.70974	-3.42261	-4.07123	-9.04115	-5.69364	R0	-8.95469	-5.51417	-3.43377	-3.71901	0.129874	0.0971924	0.783585	0.22297
-9.09662	-5.87815	-3.40639	-3.97539	-9.03391	-5.80267	L0.000668346	-9.12788	-5.69872	-3.49012	-3.65955	0.12967	0.0975804	0.782297	0.223342
-9.26778	-6.07569	-3.44988	-3.93771	-8.86897	-5.41973	R0	-9.30388	-5.88026	-3.54643	-3.59823	0.129472	0.0980657	0.781021	0.223826
-9.40734	-6.12523	-3.42327	-3.61729	-9.30811	-5.82368	L0.00722568	-9.4827	-6.05868	-3.60261	-3.53503	0.129331	0.0979784	0.779799	0.223507
-9.5794	-6.30475	-3.46859	-3.57386	-9.80646	-6.41174	R0	-9.66432	-6.23389	-3.6586	-3.46994	0.12921	0.0979015	0.778592	0.223218
-9.70747	-6.5113	-3.41831	-3.60359	-9.62547	-6.55958	L0.000795161	-9.84874	-6.4058	-3.71431	-3.40295	0.129251	0.0979274	0.777499	0.223148
-9.87915	-6.69026	-3.45857	-3.56496	-10.6688	-6.35543	R0	-10.0359	-6.57431	-3.76969	-3.33404	0.129351	0.0979916	0.776431	0.223174
-10.1123	-6.85189	-3.62135	-3.47474	-10.2246	-6.83402	L0.00106201	-10.2259	-6.73933	-3.82463	-3.26321	0.129302	0.0980426	0.775253	0.223137
-10.2942	-7.02423	-3.66493	-3.42874	-10.2205	-6.71044	R0	-10.4186	-6.90075	-3.87907	-3.19046	0.129287	0.0981358	0.774089	0.223188
-10.5721	-7.21984	-3.90255	-3.39698	-10.7616	-7.29159	L0.0029925	-10.614	-7.05849	-3.93293	-3.11577	0.129099	0.0984059	0.772838	0.2234
-10.7682	-7.38807	-3.94947	-3.3423	-10.8944	-6.83335	R0	-10.8121	-7.21245	-3.98613	-3.03916	0.128915	0.0987521	0.771593	0.223703
-11.0527	-7.55224	-4.17512	-3.24339	-11.2219	-7.56979	L0.00222405	-11.0128	-7.36252	-4.03859	-2.96062	0.128728	0.0991784	0.77039	0.223918
-11.2624	-7.71255	-4.22489	-3.17828	-10.986	-7.3707	R0	-11.2161	-7.50862	-4.09021	-2.88015	0.128548	0.0996902	0.769192	0.224195
-11.351	-7.81455	-4.02019	-3.04972	-11.0934	-7.6776	L0.00599751	-11.422	-7.65064	-4.14093	-2.79777	0.128405	0.0999611	0.767993	0.224289
-11.5528	-7.96535	-4.06382	-2.99133	-11.4213	-7.46085	R0	-11.6304	-7.78849	-4.19066	-2.71349	0.128275	0.1003	0.766803	0.22448
-11.6874	-8.01919	-3.96497	-2.76296	-11.5269	-7.8215	L0.00452616	-11.8413	-7.92208	-4.23932	-2.6273	0.128365	0.10029	0.765741	0.224253
-11.8864	-8.15562	-4.00636	-2.70259	-11.9422	-7.88317	R0	-12.0546	-8.05131	-4.28682	-2.53924	0.12851	0.100303	0.764691	0.224087
-12.0931	-8.22028	-4.05239	-2.49887	-12.09	-8.08828	L0.00138109	-12.2702	-8.17609	-4.33309	-2.44932	0.128692	0.100175	0.763646	0.22375
-12.2965	-8.34335	-4.09337	-2.43115	-12.4462	-8.02117	R0	-12.4881	-8.29633	-4.37802	-2.35756	0.128937	0.100052	0.762612	0.223436
-12.4804	-8.39545	-4.0831	-2.23273	-12.4231	-8.2599	L0.00158235	-12.7082	-8.41193	-4.42156	-2.26399	0.129366	0.0998995	0.761651	0.223093
-12.6852	-8.5051	-4.12203	-2.16002	-12.7461	-8.19449	R0	-12.9304	-8.5228	-4.4636	-2.16863	0.129889	0.0997482	0.7607	0.222744
-13.0212	-8.61519	-4.41138	-2.04028	-13.2911	-8.64594	L0.0053361	-13.1547	-8.62886	-4.50407	-2.07151	0.1299	0.0995956	0.759532	0.222404
-13.2424	-8.7149	-4.45025	-1.95404	-13.7929	-8.47158	R0	-13.381	-8.73002	-4.54289	-1.97267	0.129928	0.0994444	0.758369	0.222061
-13.4437	-8.7312	-4.4319	-1.70866	-13.384	-8.57583	L0.00206966	-13.6092	-8.82619	-4.57997	-1.87214	0.130054	0.0994309	0.757239	0.221903
-13.6658	-8.81417	-4.46678	-1.6153	-13.6376	-8.26344	R0	-13.8392	-8.91729	-4.61524	-1.76997	0.13021	0.0994425	0.756115	0.221727
-13.9219	-8.92515	-4.5673	-1.57735	-13.9959	-8.99264	L0.000700821	-14.0709	-9.00324	-4.64861	-1.6662	0.130272	0.0993839	0.754964	0.221441
-14.1507	-9.00155	-4.5988	-1.48299	-14.4737	-8.79552	R0	-14.3043	-9.08395	-4.68001	-1.56086	0.130349	0.0993362	0.753818	0.221143
-14.3938	-9.11235	-4.65798	-1.46907	-14.4273	-9.1875	L0.000513783	-14.5391	-9.15936	-4.70936	-1.45402	0.130398	0.0992183	0.75267	0.220806
-14.627	-9.18338	-4.68611	-1.37669	-14.5757	-9.32634	R0	-14.7754	-9.22939	-4.73658	-1.34573	0.130457	0.0990995	0.751527	0.220476
-14.9291	-9.17346	-4.82857	-1.0845	-15.062	-9.04396	L0.00287838	-15.013	-9.29397	-4.76161	-1.23603	0.13034	0.0991715	0.750393	0.220299
-15.1707	-9.22491	-4.85154	-0.976634	-15.6189	-9.69365	R0	-15.2517	-9.35302	-4.78436	-1.125	0.130219	0.099272	0.749265	0.220116
-15.4895	-9.37304	-5.03278	-1.07131	-15.6682	-9.56749	L0.00510101	-15.4916	-9.40649	-4.80476	-1.01269	0.130022	0.099139	0.748237	0.219807
-15.7413	-9.42396	-5.05354	-0.968676	-15.9382	-9.35751	R0	-15.7324	-9.45431	-4.82275	-0.899159	0.129827	0.0990036	0.747217	0.219509
-16.0212	-9.51512	-5.12882	-0.962465	-16.0862	-9.59819	L0.000845857	-15.9741	-9.49642	-4.83827	-0.784484	0.129658	0.0988601	0.746264	0.219396
-16.2777	-9.56068	-5.14652	-0.862765	-16.6033	-8.85459	R0	-16.2164	-9.53277	-4.85124	-0.668734	0.129507	0.0987238	0.745321	0.219325
-16.5029	-9.51759	-5.08899	-0.579985	-16.4229	-9.37029	L0.00227786	-16.4594	-9.5633	-4.8616	-0.55198	0.129336	0.098608	0.744311	0.219002
-16.7573	-9.54383	-5.10019	-0.471486	-16.011	-9.33486	R0	-16.7027	-9.58797	-4.8693	-0.434301	0.129177	0.0984906	0.74331	0.218686
-17.0455	-9.51385	-5.1597	-0.234095	-17.1132	-9.43043	L0.000995927	-16.9464	-9.60673	-4.87427	-0.315773	0.129098	0.0984744	0.742369	0.218406
-17.3032	-9.52261	-5.16369	-0.116795	-16.9255	-10.8571	R0	-17.1903	-9.61954	-4.87646	-0.196479	0.129053	0.0984699	0.741434	0.218126
-17.5555	-9.54389	-5.15942	-0.0434506	-17.5448	-9.57485	L9.62893e-05	-17.4342	-9.62636	-4.87583	-0.0765024	0.129031	0.0984265	0.7405	0.217811
-17.8131	-9.54319	-5.15911	0.0713176	-18.1371	-9.39146	R0	-17.6781	-9.62717	-4.87232	0.0440703	0.129049	0.0983871	0.739574	0.217496
-18.0406	-9.49533	-5.08918	0.270416	-17.9724	-9.42299	L0.000769776	-17.9216	-9.62194	-4.86588	0.165151	0.12902	0.0984817	0.738588	0.217252
-18.2945	-9.47888	-5.08153	0.388532	-18.3083	-9.18778	R0	-18.1648	-9.61064	-4.85648	0.286648	0.129022	0.0985954	0.737608	0.217004
-18.4626	-9.51379	-4.92772	0.355677	-18.2763	-9.60997	L0.00326412	-18.4074	-9.59325	-4.84408	0.40847	0.128869	0.098545	0.736545	0.216706
-18.7085	-9.49335	-4.91883	0.462586	-18.2443	-9.58547	R0	-18.6493	-9.56977	-4.82864	0.530522	0.128721	0.0984879	0.73549	0.216422
-18.9539	-9.48499	-4.91223	0.530968	-18.9545	-9.51544	L8.09724e-05	-18.8904	-9.54017	-4.81012	0.652707	0.128579	0.0983899	0.734444	0.216207
-19.1989	-9.45587	-4.89983	0.635328	-18.6983	-9.02886	R0	-19.1305	-9.50447	-4.78851	0.774927	0.128446	0.0982823	0.733406	0.216025
-19.3975	-9.30462	-4.76394	0.983803	-19.2983	-9.09865	L0.004366	-19.3694	-9.46265	-4.76378	0.897083	0.12827	0.0985066	0.732349	0.215764
-19.6348	-9.25261	-4.73861	1.09938	-19.7037	-8.79906	R0	-19.6069	-9.41472	-4.73591	1.01907	0.128094	0.0987481	0.731296	0.215496
-19.8706	-9.11212	-4.67633	1.39459	-19.8731	-8.96417	L0.00186706	-19.8431	-9.36071	-4.70487	1.1408	0.127919	0.0995003	0.730249	0.215616
-20.1031	-9.03941	-4.63781	1.51778	-20.3815	-7.6755	R0	-20.0775	-9.30061	-4.67066	1.26215	0.127743	0.100334	0.729207	0.215741
-20.2838	-9.18646	-4.57743	1.1386	-20.1607	-9.59663	L0.0150577	-20.3102	-9.23446	-4.63328	1.38303	0.127569	0.100224	0.728174	0.215828
-20.5118	-9.12723	-4.55265	1.23398	-20.4587	-9.7448	R0	-20.5409	-9.16227	-4.59271	1.50334	0.127397	0.100099	0.727142	0.215999
-20.7125	-9.01018	-4.46261	1.4392	-20.6596	-8.91527	L0.000975983	-20.7696	-9.08409	-4.54895	1.62296	0.127253	0.100034	0.726126	0.215914
-20.9345	-8.93584	-4.42927	1.53876	-21.5568	-8.5005	R0	-20.9959	-8.99994	-4.50202	1.74179	0.127115	0.0999511	0.72511	0.215879
-21.1122	-8.85333	-4.31257	1.63684	-21.0195	-8.85081	L0.000601271	-21.2198	-8.90987	-4.45191	1.85972	0.127064	0.0998553	0.724125	0.215899
-21.3265	-8.76917	-4.27423	1.73451	-21.8628	-8.64129	R0	-21.4412	-8.81393	-4.39865	1.97666	0.127031	0.0997432	0.723138	0.215977
-21.5295	-8.74701	-4.23666	1.68783	-21.5029	-8.87191	L0.00130927	-21.6597	-8.71217	-4.34224	2.0925	0.12704	0.0996204	0.722146	0.216735
-21.7401	-8.66052	-4.20006	1.77694	-21.9514	-7.41274	R0	-21.8754	-8.60465	-4.2827	2.20712	0.127064	0.099525	0.72115	0.217623
-21.9584	-8.5704	-4.18021	1.86478	-21.9793	-8.57089	L3.09383e-05	-22.0881	-8.49143	-4.22007	2.32043	0.127071	0.0994737	0.720148	0.218646
-22.1661	-8.47512	-4.14009	1.95223	-22.1914	-7.70392	R0	-22.2975	-8.37258	-4.15437	2.43232	0.127083	0.0994823	0.719147	0.219804
-22.4386	-8.37029	-4.22438	2.05669	-22.5838	-8.35296	L0.00149419	-22.5035	-8.24817	-4.08564	2.5427	0.126953	0.0995521	0.718188	0.220985
-22.6484	-8.26546	-4.18128	2.14295	-22.3177	-8.57758	R0	-22.7061	-8.11829	-4.01391	2.65145	0.126814	0.099715	0.717249	0.222292
-22.8903	-7.9889	-4.12756	2.60096	-22.9861	-7.6724	L0.00857651	-22.9049	-7.98301	-3.93923	2.75848	0.126642	0.099578	0.716329	0.222139
-23.0947	-7.85657	-4.06319	2.70042	-23.2693	-8.32031	R0	-23.1	-7.84243	-3.86163	2.8637	0.126468	0.0994439	0.715422	0.221999
-23.3513	-7.66881	-4.07699	2.91861	-23.4777	-7.56583	L0.00186121	-23.2911	-7.69663	-3.78118	2.967	0.126334	0.0993182	0.714609	0.221709
-23.553	-7.5206	-4.00328	3.01893	-23.473	-7.02103	R0	-23.4781	-7.54572	-3.69792	3.06828	0.126222	0.0991912	0.71381	0.221421
-23.6826	-7.36018	-3.78783	3.12273	-23.5408	-7.36069	L0.00147735	-23.6609	-7.3898	-3.61191	3.16746	0.126055	0.099068	0.712896	0.221131
-23.8696	-7.20186	-3.70571	3.21975	-24.0505	-6.56968	R0	-23.8393	-7.22897	-3.52321	3.26445	0.125893	0.0989434	0.711991	0.220843
-24.0207	-7.11399	-3.59651	3.15099	-23.9384	-7.26171	L0.00209338	-24.0132	-7.06336	-3.43189	3.35916	0.125723	0.0988444	0.711077	0.22081
-24.1983	-6.95448	-3.5175	3.23896	-24.3577	-5.94086	R0	-24.1825	-6.89307	-3.33801	3.45149	0.125556	0.0987623	0.710177	0.220788
-24.3255	-6.66487	-3.27626	3.57702	-24.2574	-6.4352	L0.00489492	-24.347	-6.71823	-3.24166	3.54138	0.125392	0.098668	0.709221	0.220498
-24.4866	-6.48403	-3.17461	3.66753	-24.788	-7.18367	R0	-24.5066	-6.53896	-3.14289	3.62873	0.125227	0.0985765	0.708269	0.22021
-24.5328	-6.33776	-2.87385	3.64954	-24.3008	-6.43799	L0.00447392	-24.6612	-6.35538	-3.0418	3.71347	0.125236	0.0984485	0.707373	0.21994
-24.6736	-6.1535	-2.7662	3.73179	-24.6108	-6.00878	R0	-24.8107	-6.16764	-2.93846	3.79553	0.125269	0.0983195	0.706483	0.21967
-24.9196	-5.95753	-2.87658	3.84916	-25.146	-5.91902	L0.00386642	-24.955	-5.97587	-2.83295	3.87484	0.125116	0.0981929	0.705544	0.219381
-25.0606	-5.76344	-2.7706	3.92612	-24.8975	-5.02285	R0	-25.094	-5.7802	-2.72537	3.95132	0.124961	0.098066	0.704609	0.219093
-25.1973	-5.59161	-2.67787	3.94809	-25.1941	-5.64372	L0.000205842	-25.2276	-5.58079	-2.61581	4.02492	0.124805	0.0979374	0.703681	0.218838
-25.3284	-5.39274	-2.57117	4.01839	-25.5328	-5.4399	R0	-25.3556	-5.37777	-2.50435	4.09557	0.124648	0.0978108	0.702758	0.218585
-25.4916	-5.16405	-2.52892	4.14347	-25.5713	-5.10241	L0.000705218	-25.4779	-5.1713	-2.39109	4.16322	0.124485	0.0976824	0.701866	0.218298
-25.6151	-4.95555	-2.41847	4.20889	-25.0178	-6.55904	R0	-25.5946	-4.96152	-2.27613	4.22781	0.124326	0.0975543	0.70098	0.218013
-25.7237	-4.79445	-2.31016	4.17003	-25.6952	-4.89995	L0.000852993	-25.7055	-4.7486	-2.15956	4.2893	0.124166	0.0974545	0.700102	0.217813
-25.8364	-4.58481	-2.20154	4.22839	-25.8162	-4.40681	R0	-25.8105	-4.53268	-2.04149	4.34764	0.12401	0.0973634	0.699233	0.217613
-25.9439	-4.33791	-2.07644	4.35162	-25.9516	-4.26659	L0.00037507	-25.9096	-4.31392	-1.92202	4.40279	0.123861	0.0972439	0.698364	0.217344
-26.0447	-4.11933	-1.96105	4.40483	-26.8953	-4.43966	R0	-26.0027	-4.0925	-1.80125	4.45471	0.123718	0.0971269	0.697501	0.217076
-26.1279	-3.82589	-1.78273	4.59382	-26.1198	-3.67723	L0.00165386	-26.0897	-3.86856	-1.67928	4.50337	0.123572	0.097025	0.696615	0.216843
-26.2137	-3.59536	-1.65541	4.64122	-26.5652	-3.85723	R0	-26.1706	-3.64227	-1.55623	4.54875	0.123432	0.0969287	0.69573	0.216613
-26.1867	-3.31903	-1.26931	4.74227	-25.9974	-3.24722	L0.00355689	-26.2453	-3.41381	-1.4322	4.59081	0.123308	0.0969232	0.69488	0.21647
-26.2464	-3.08135	-1.12377	4.77885	-26.2976	-3.01078	R0	-26.3138	-3.18332	-1.30729	4.62954	0.123197	0.0969365	0.694047	0.216324
-26.2553	-2.85138	-0.887371	4.77956	-26.1741	-2.87885	L0.000578363	-26.376	-2.95098	-1.18162	4.66493	0.12319	0.0969435	0.693315	0.216124
-26.2959	-2.61211	-0.736262	4.80516	-26.4681	-3.44967	R0	-26.4319	-2.71697	-1.05529	4.69696	0.123225	0.0969646	0.692614	0.215916
-26.4576	-2.49321	-0.918713	4.63007	-26.674	-2.73852	L0.00880164	-26.4815	-2.48143	-0.928411	4.72562	0.123073	0.0968424	0.691727	0.215694
-26.5003	-2.26147	-0.79165	4.65348	-26.657	-1.72382	R0	-26.5247	-2.24456	-0.80109	4.75091	0.122922	0.0967225	0.690845	0.215475
-26.5856	-2.0761	-0.785391	4.59259	-26.6691	-2.17333	L0.00132722	-26.5616	-2.0065	-0.673434	4.77284	0.122772	0.0966632	0.689988	0.215392
-26.6218	-1.84635	-0.666582	4.61134	-26.3248	-1.32261	R0	-26.5921	-1.76744	-0.545553	4.79141	0.122625	0.0966223	0.689139	0.21531
-26.5857	-1.58733	-0.394018	4.66577	-26.4671	-1.53207	L0.00144058	-26.6161	-1.52753	-0.417552	4.80664	0.122479	0.0965468	0.688267	0.215154
-26.6022	-1.35416	-0.264748	4.67489	-26.4998	-2.19526	R0	-26.6338	-1.28695	-0.289538	4.81852	0.122335	0.0964839	0.687399	0.215003
-26.6079	-1.1275	-0.12866	4.66657	-26.5998	-1.14277	L2.10782e-05	-26.6451	-1.04586	-0.161616	4.8271	0.122195	0.0964494	0.686535	0.214884
-26.6111	-0.894484	0.000892792	4.66834	-27.2008	-1.67679	R0	-26.65	-0.804425	-0.0338883	4.83238	0.122057	0.0964339	0.685674	0.214771
-26.6526	-0.641662	0.0386205	4.71567	-26.7355	-0.59539	L0.000705273	-26.6485	-0.562811	0.0935412	4.83439	0.121904	0.0963938	0.684819	0.214584
-26.6476	-0.406305	0.164226	4.71297	-26.9891	0.0351487	R0	-26.6406	-0.321181	0.220572	4.83317	0.121752	0.0963673	0.683969	0.2144
-26.5708	-0.0981086	0.461448	4.82189	-26.4553	0.0602653	L0.00291616	-26.6264	-0.0796947	0.347104	4.82874	0.121632	0.0962515	0.683139	0.214133
-26.5443	0.142242	0.598661	4.80678	-26.9537	0.136943	R0	-26.6059	0.161489	0.473041	4.82116	0.121519	0.0961365	0.682318	0.213867
-26.55	0.442045	0.665758	4.91343	-26.6201	0.57588	L0.00164801	-26.5792	0.402213	0.598287	4.81045	0.121377	0.0960376	0.681479	0.213663
-26.5134	0.686839	0.800491	4.89329	-26.8241	0.381506	R0	-26.5462	0.642323	0.722748	4.79667	0.121238	0.0959443	0.680646	0.213453
-26.5646	0.971486	0.724449	4.97518	-26.7293	1.06082	L0.00293773	-26.5069	0.881666	0.846334	4.77986	0.121122	0.0959296	0.679832	0.21341
-26.5253	1.21938	0.848294	4.95556	-25.9562	2.60409	R0	-26.4616	1.12009	0.968955	4.76007	0.121014	0.095938	0.679021	0.213368
-26.4499	1.45208	1.03822	4.89717	-26.3986	1.42212	L0.000300042	-26.4101	1.35745	1.09053	4.73737	0.120881	0.0959348	0.678191	0.213253
-26.3949	1.69587	1.16397	4.86881	-26.5072	-0.563928	R0	-26.3526	1.59361	1.21096	4.71181	0.120751	0.0959508	0.677364	0.213133
-26.3422	1.8929	1.25984	4.75563	-26.3594	1.79315	L0.000709175	-26.2891	1.82841	1.33018	4.68345	0.120632	0.0958865	0.676544	0.212902
-26.2763	2.12949	1.38159	4.72169	-26.3475	1.82827	R0	-26.2197	2.06173	1.44811	4.65235	0.120517	0.095828	0.675726	0.21267
-26.2195	2.30837	1.45721	4.58526	-26.2502	2.18481	L0.00112278	-26.1444	2.29342	1.56467	4.61859	0.120428	0.0957142	0.674925	0.212417
-26.1438	2.53633	1.57397	4.54651	-26.069	2.27896	R0	-26.0633	2.52336	1.67979	4.58223	0.120347	0.0956001	0.674125	0.212167
-26.0634	2.77631	1.69013	4.53167	-26.0641	2.80701	L6.60046e-05	-25.9765	2.75141	1.79339	4.54334	0.120277	0.0954921	0.673328	0.21191
-25.9762	3.00145	1.80495	4.48717	-26.3234	3.02388	R0	-25.8841	2.97746	1.90543	4.502	0.120217	0.095384	0.672532	0.211656
-25.8681	3.28537	1.96281	4.54951	-25.8345	3.42005	L0.00133188	-25.7861	3.20139	2.01582	4.45828	0.12014	0.0953582	0.671726	0.211448
-25.7672	3.51122	2.07771	4.4982	-26.1824	3.73376	R0	-25.6826	3.42306	2.12452	4.41227	0.120067	0.0953415	0.670922	0.211236
-25.6614	3.70304	2.18463	4.38451	-25.6666	3.63509	L0.000325188	-25.5737	3.64239	2.23146	4.36404	0.12	0.0952734	0.670121	0.210985
-25.5495	3.92051	2.29634	4.32705	-25.5773	3.13316	R0	-25.4596	3.85924	2.3366	4.31367	0.119937	0.0952066	0.669322	0.210733
-25.5428	4.09717	2.16255	4.23604	-25.7492	3.99968	L0.00404766	-25.3402	4.07353	2.43989	4.26125	0.120202	0.0950999	0.66866	0.210485
-25.4324	4.30737	2.26086	4.18439	-25.3516	3.75691	R0	-25.2157	4.28514	2.54127	4.20686	0.120523	0.0949928	0.668004	0.210237
-25.213	4.51412	2.58071	4.08669	-25.0214	4.52803	L0.0030408	-25.0863	4.49399	2.64071	4.15058	0.120539	0.094885	0.667217	0.21001
-25.0816	4.71645	2.6854	4.01867	-24.2719	4.30917	R0	-24.9518	4.69998	2.73817	4.09251	0.120561	0.0947759	0.666431	0.209792
-24.9764	4.90726	2.71999	3.94669	-25.0363	4.88499	L0.000314597	-24.8126	4.90303	2.83361	4.03273	0.120682	0.094664	0.665665	0.209586
-24.8381	5.10255	2.81856	3.87691	-24.3609	4.95947	R0	-24.6686	5.10304	2.92701	3.97132	0.12082	0.0945523	0.664901	0.209389
-24.6297	5.3094	3.05649	3.80267	-24.5041	5.35293	L0.00135116	-24.5201	5.29995	3.01833	3.90839	0.120795	0.0944422	0.664121	0.209205
-24.4746	5.49719	3.15609	3.72042	-24.4379	5.24592	R0	-24.367	5.49367	3.10754	3.84401	0.120766	0.0943314	0.663345	0.209045
-24.2442	5.65385	3.39755	3.54274	-24.1159	5.61152	L0.00155337	-24.2095	5.68414	3.19464	3.77827	0.120636	0.0942323	0.66264	0.209111
-24.0721	5.82828	3.4968	3.44482	-24.5638	4.75836	R0	-24.0477	5.8713	3.27959	3.71127	0.120501	0.0941451	0.661949	0.209263
-23.9008	5.98047	3.57828	3.31274	-23.9153	5.94377	L0.000108836	-23.8818	6.05508	3.36239	3.64309	0.120364	0.0941043	0.661259	0.209627
-23.7198	6.14327	3.67143	3.20919	-23.5491	6.44495	R0	-23.7117	6.23542	3.44302	3.57383	0.120224	0.0940998	0.660582	0.21012
-23.5725	6.30038	3.68298	3.12293	-23.6471	6.29102	L0.000435179	-23.5377	6.41227	3.52148	3.50357	0.120096	0.0941449	0.659861	0.210676
-23.3865	6.45371	3.76843	3.01926	-23.7544	6.53746	R0	-23.3598	6.58559	3.59775	3.4324	0.119964	0.0942497	0.659148	0.211368
-23.1399	6.68402	3.97747	3.05351	-23.0099	6.86182	L0.00334818	-23.1781	6.75533	3.67185	3.36041	0.11984	0.0942032	0.65855	0.211639
-22.9392	6.83372	4.05951	2.94357	-22.7862	5.74143	R0	-22.9928	6.92146	3.74376	3.28768	0.119729	0.0941888	0.657965	0.212039
-22.7249	7.00578	4.16104	2.88549	-22.6991	7.063	L0.000281885	-22.804	7.08393	3.8135	3.21431	0.119652	0.0941551	0.65742	0.212381
-22.5153	7.14701	4.23738	2.77216	-22.418	6.76159	R0	-22.6117	7.24273	3.88106	3.14038	0.119603	0.0941587	0.656887	0.212869
-22.372	7.29944	4.16978	2.72742	-22.5083	7.31524	L0.00149962	-22.4161	7.39782	3.94647	3.06598	0.119485	0.0941686	0.656222	0.213241
-22.1621	7.43293	4.23797	2.62021	-22.0543	7.85452	R0	-22.2173	7.54917	4.00974	2.99118	0.119378	0.0942249	0.655563	0.213734
-22.0343	7.61387	4.1339	2.65818	-22.1947	7.69478	L0.00274815	-22.0154	7.69679	4.07087	2.91607	0.119245	0.0942006	0.654823	0.213845
-21.8264	7.74418	4.19417	2.56203	-21.6178	9.0351	R0	-21.8105	7.84064	4.12989	2.84074	0.119112	0.0942058	0.654086	0.214015
-21.6279	7.89482	4.2282	2.52247	-21.6473	7.94	L0.000210363	-21.6026	7.98072	4.18681	2.76526	0.118983	0.0941878	0.653347	0.214084
-21.4154	8.01838	4.28359	2.42722	-21.8637	7.78661	R0	-21.392	8.11703	4.24166	2.68971	0.118854	0.0941982	0.65261	0.214206
-21.155	8.02837	4.41565	2.08074	-21.0853	7.83229	L0.00374088	-21.1787	8.24957	4.29447	2.61417	0.118725	0.0946769	0.651899	0.21546
-20.9332	8.12944	4.46698	1.96814	-20.5503	9.28616	R0	-20.9628	8.37833	4.34526	2.53871	0.118599	0.0953051	0.65119	0.216914
-20.8272	8.3318	4.29468	2.12592	-21.0519	8.50983	L0.00696173	-20.7444	8.50333	4.39406	2.46341	0.118531	0.0955446	0.650475	0.21726
-20.6117	8.43562	4.33926	2.03338	-19.9265	9.40847	R0	-20.5237	8.62457	4.4409	2.38835	0.118471	0.0958558	0.649763	0.217666
-20.3375	8.58467	4.49372	2.02829	-20.21	8.68914	L0.00189235	-20.3006	8.74206	4.48582	2.31358	0.118352	0.0960375	0.649036	0.217841
-20.1121	8.68357	4.53533	1.93344	-20.2277	8.8532	R0	-20.0753	8.85583	4.52884	2.23919	0.118232	0.0962749	0.648311	0.218077
-19.9444	8.81276	4.45957	1.93304	-20.0633	8.86724	L0.0013731	-19.848	8.96589	4.57001	2.16524	0.118188	0.0964388	0.64761	0.218109
-19.7208	8.90708	4.49641	1.84573	-19.9264	8.78179	R0	-19.6186	9.07227	4.60937	2.09179	0.118155	0.0966458	0.646912	0.218175
-19.4919	8.98614	4.53822	1.73301	-19.4861	8.96665	L3.55458e-05	-19.3873	9.17499	4.64694	2.01891	0.118126	0.0969473	0.646215	0.218349
-19.2645	9.07041	4.57163	1.64285	-18.5719	10.2069	R0	-19.1542	9.27409	4.68278	1.94666	0.11811	0.0973128	0.64552	0.218575
-18.9215	9.1582	4.82303	1.52875	-18.6786	9.19191	L0.00425816	-18.9193	9.36959	4.71692	1.8751	0.117979	0.0977114	0.644827	0.218939
-18.68	9.23201	4.85377	1.42815	-19.2825	8.98189	R0	-18.6827	9.46154	4.7494	1.80429	0.117849	0.0981964	0.644135	0.219409
-18.436	9.36056	4.88804	1.4625	-18.4242	9.46852	L0.000988238	-18.4446	9.54996	4.78028	1.73429	0.11772	0.0984895	0.643447	0.219538
-18.1913	9.4312	4.91543	1.36763	-18.1634	8.72444	R0	-18.2049	9.63492	4.80959	1.66514	0.117593	0.0988429	0.64276	0.219739
-17.8946	9.57631	5.04002	1.43888	-17.7736	9.72478	L0.00273014	-17.9639	9.71643	4.83737	1.59691	0.117509	0.098952	0.642126	0.219623
-17.6424	9.64589	5.0649	1.34866	-17.2296	9.97767	R0	-17.7214	9.79457	4.86368	1.52964	0.117439	0.0990878	0.641494	0.219546
-17.3776	9.77247	5.10952	1.39845	-17.3436	9.88109	L0.00108252	-17.4777	9.86936	4.88856	1.46338	0.117404	0.099083	0.640877	0.219328
-17.122	9.84019	5.13183	1.31424	-17.1554	10.212	R0	-17.2328	9.94087	4.91205	1.39818	0.11739	0.0990866	0.640262	0.219124
-16.8767	9.9933	5.12692	1.44154	-16.8876	10.145	L0.00210709	-16.9868	10.0091	4.93421	1.33408	0.117374	0.0989818	0.639631	0.218943
-16.6203	10.0634	5.14685	1.36867	-16.5958	10.1078	R0	-16.7396	10.0743	4.95507	1.27113	0.117379	0.0988759	0.639	0.218753
-16.4146	10.1992	5.06134	1.46452	-16.5153	10.3091	L0.00196848	-16.4915	10.1362	4.97469	1.20937	0.117306	0.0988123	0.638323	0.218839
-16.1615	10.2707	5.07876	1.40294	-16.09	10.5824	R0	-16.2424	10.1952	4.99311	1.14883	0.11724	0.0987681	0.637647	0.218921
-15.9362	10.2836	5.04311	1.22023	-16.006	10.1843	L0.00115048	-15.9924	10.2511	5.01039	1.08956	0.117143	0.0986733	0.636963	0.218769
-15.684	10.3428	5.05888	1.15313	-15.7234	10.41	R0	-15.7416	10.3041	5.02655	1.03159	0.117047	0.0985836	0.63628	0.218607
-15.472	10.3242	4.99298	0.92934	-15.5699	10.1904	L0.00213336	-15.4899	10.3543	5.04166	0.974957	0.116925	0.0984879	0.635603	0.218383
-15.2224	10.3688	5.0062	0.85527	-14.2385	10.9109	R0	-15.2376	10.4016	5.05576	0.919692	0.116802	0.0983943	0.634928	0.21817
-14.9617	10.4319	5.03986	0.828179	-14.9365	10.4722	L0.000177679	-14.9846	10.4462	5.06889	0.865828	0.116682	0.0982916	0.634252	0.217944
-14.7098	10.4715	5.0512	0.755883	-14.724	9.63507	R0	-14.7309	10.4882	5.0811	0.813394	0.116562	0.09819	0.633578	0.217728
-14.4388	10.4031	5.08199	0.444946	-14.4088	10.222	L0.00297464	-14.4766	10.5276	5.09243	0.762418	0.116451	0.0982534	0.632905	0.217988
-14.1849	10.4231	5.08883	0.358441	-13.9005	10.5238	R0	-14.2218	10.5645	5.10293	0.712926	0.11634	0.0983647	0.632235	0.218368
-13.8957	10.6193	5.1773	0.675595	-13.8049	10.9383	L0.00928186	-13.9665	10.5989	5.11263	0.664944	0.116263	0.0982651	0.631573	0.218137
-13.637	10.6514	5.18541	0.610281	-13.3956	10.7857	R0	-13.7107	10.631	5.12159	0.618496	0.116189	0.0981659	0.630913	0.217907
-13.3699	10.6329	5.20508	0.434014	-13.3556	10.5517	L0.000605518	-13.4545	10.6608	5.12983	0.573603	0.116132	0.0980708	0.630258	0.217772
-13.1098	10.6528	5.21059	0.361984	-12.9374	10.8137	R0	-13.1979	10.6884	5.13741	0.530288	0.11608	0.0979813	0.629605	0.21768
-12.8865	10.7954	5.15057	0.586601	-12.9591	11.0099	L0.00456112	-12.9409	10.7138	5.14436	0.48857	0.115985	0.0979499	0.628945	0.217498
-12.6292	10.8234	5.15645	0.532412	-12.2518	11.2495	R0	-12.6836	10.7373	5.15071	0.448467	0.115891	0.0979266	0.628287	0.217304
-12.3699	10.7603	5.16053	0.275305	-12.3713	10.6091	L0.00204453	-12.426	10.7587	5.15651	0.409997	0.115798	0.0978244	0.62763	0.217164
-12.1122	10.7724	5.16362	0.209455	-11.9352	10.9161	R0	-12.1681	10.7783	5.16179	0.373177	0.115705	0.0977228	0.626976	0.217067
-11.8843	10.8814	5.11553	0.376146	-11.9451	11.0515	L0.00288954	-11.91	10.7961	5.16658	0.338022	0.115591	0.0976987	0.626329	0.216848
-11.6288	10.8989	5.11909	0.324214	-10.9703	10.9676	R0	-11.6516	10.8121	5.17092	0.304546	0.115476	0.0976772	0.625683	0.216625
-11.399	10.9241	5.07421	0.29807	-11.4548	10.9407	L0.000245254	-11.393	10.8265	5.17484	0.272761	0.115356	0.0976769	0.625052	0.216403
-11.1456	10.9377	5.07689	0.248164	-11.3472	10.5111	R0	-11.1342	10.8394	5.17836	0.242681	0.115238	0.0976781	0.624423	0.21618
-10.7996	10.8498	5.24205	-0.0426002	-10.6009	10.6823	L0.0053409	-10.8753	10.8509	5.18153	0.214317	0.115171	0.0975773	0.623785	0.216272
-10.5379	10.846	5.24111	-0.108213	-10.6563	10.8369	R0	-10.6161	10.8609	5.18435	0.187679	0.115107	0.0974792	0.623148	0.216466
-10.3196	10.8525	5.16057	-0.135277	-10.4142	10.8747	L0.000670152	-10.3569	10.8697	5.18687	0.162776	0.115001	0.0973822	0.622509	0.216665
-10.062	10.8442	5.15854	-0.197858	-9.90413	11.2255	R0	-10.0976	10.8772	5.1891	0.139618	0.114895	0.0972939	0.621872	0.216981
-9.8143	10.9326	5.14719	-0.0310377	-9.83445	11.1032	L0.00263776	-9.83809	10.8837	5.19106	0.118212	0.114782	0.0972195	0.621239	0.216864
-9.55732	10.9298	5.14665	-0.0803957	-10.195	10.3498	R0	-9.57852	10.8891	5.19278	0.0985664	0.114669	0.0971376	0.620609	0.216794
-9.30247	10.9652	5.14388	-0.0367688	-9.3066	11.0348	L0.000434172	-9.31887	10.8936	5.19428	0.0806865	0.114554	0.0970924	0.61998	0.216637
-9.04566	10.9622	5.14337	-0.0807857	-9.2226	10.3527	R0	-9.05915	10.8972	5.19557	0.0645787	0.11444	0.097038	0.619354	0.216516
-8.78901	10.9989	5.14377	-0.0291881	-8.78899	11.0707	L0.000459351	-8.79937	10.9001	5.19667	0.050248	0.114324	0.0970417	0.618731	0.216326
-8.5322	10.9965	5.14341	-0.0677398	-8.83914	10.0319	R0	-8.53953	10.9023	5.19759	0.0376992	0.114209	0.0970361	0.618109	0.216159
-8.3835	10.8691	4.92874	-0.372564	-8.62045	10.6577	L0.0078813	-8.27965	10.9039	5.19835	0.0269359	0.114189	0.0969507	0.617603	0.216686
-8.13752	10.8492	4.9245	-0.424936	-7.91543	11.1157	R0	-8.01974	10.905	5.19896	0.0179617	0.114196	0.0968854	0.617103	0.217379
-7.7751	10.8903	5.14595	-0.34498	-7.51971	11.0005	L0.00561193	-7.75979	10.9057	5.19942	0.0107791	0.114084	0.0967903	0.616487	0.217746
-7.51826	10.8719	5.14267	-0.390842	-7.25987	10.6458	R0	-7.49981	10.9061	5.19975	0.00539029	0.113972	0.0967052	0.615873	0.218251
-7.22872	10.8382	5.199	-0.469266	-7.15631	10.815	L0.000409367	-7.23983	10.9063	5.19994	0.00179692	0.113859	0.0966564	0.615255	0.219049
-6.96926	10.8136	5.19446	-0.517124	-7.39396	11.0181	R0	-6.97983	10.9064	5.2	-7.84874e-15	0.113746	0.0966488	0.61464	0.220049
