0.312243	0.58034	0	0	0.312243	0.58034	L0	0.6	0.6	5.19994	0	0.287757	0.0196602	5.19994	0
0.71488	0.619889	5.70306	9.58245e-18	0.862916	0.534212	R4.94583	0.859997	0.600045	5.19975	0.00179686	0.227885	0.0197525	3.69409	0.00127057
0.986048	0.619889	5.70306	-4.80749e-17	1.17385	0.481073	L0	1.11998	0.600225	5.19943	0.00538996	0.201496	0.0197232	3.0302	0.00328026
1.14495	0.474819	5.45374	-0.868056	0.969149	0.397513	R0.210529	1.37996	0.600629	5.19898	0.0107781	0.210374	0.0651827	2.62732	0.439426
1.41393	0.429961	5.45274	-0.87426	1.65063	0.62469	L0	1.6399	0.601347	5.19839	0.0179597	0.213585	0.0963	2.3527	0.560078
1.69197	0.494673	5.38655	-0.0934486	1.62331	0.499091	R0.00335899	1.89982	0.60247	5.19766	0.0269323	0.212641	0.0983095	2.14909	0.513636
1.95977	0.489485	5.38674	-0.0819459	2.18882	0.648739	L0	2.1597	0.604086	5.19678	0.0376932	0.210872	0.100798	1.99097	0.477679
2.12911	0.560304	5.14393	0.486291	1.96701	0.557117	R0.0134052	2.41954	0.606284	5.19573	0.0502389	0.222378	0.0956791	1.86247	0.472677
2.38537	0.584986	5.14096	0.516771	2.65526	0.66598	L0	2.67932	0.609155	5.1945	0.0645654	0.231427	0.0905662	1.75604	0.470446
2.70027	0.605135	5.20842	0.455529	2.92034	0.645898	R0.0099328	2.93904	0.612786	5.19309	0.080668	0.232172	0.0859527	1.66594	0.461779
2.95983	0.628408	5.20593	0.483109	3.01222	0.637046	L0	3.19869	0.617267	5.19147	0.0985415	0.232787	0.0820215	1.58841	0.455301
3.29592	0.559136	5.28233	0.0224186	3.56096	0.485311	R0.010064	3.45825	0.622685	5.18963	0.11818	0.227751	0.0806439	1.52103	0.436793
3.55914	0.559774	5.28237	0.00597737	3.89365	0.311793	L0	3.71772	0.62913	5.18754	0.139576	0.223192	0.0798323	1.46159	0.42129
3.88323	0.605172	5.36187	0.164447	4.19786	0.698311	R0.0243649	3.97708	0.636689	5.18519	0.162724	0.216531	0.0773882	1.40922	0.405965
4.15036	0.613427	5.36169	0.170237	4.30935	0.578564	L0	4.23632	0.645449	5.18256	0.187614	0.210363	0.0752199	1.36222	0.392225
4.42886	0.638917	5.312	0.224336	4.61908	0.68951	R0.00869816	4.49542	0.655498	5.17962	0.214238	0.204362	0.0729492	1.31938	0.379779
4.69347	0.650288	5.31152	0.235438	4.35143	0.899174	L0	4.75437	0.666921	5.17634	0.242587	0.19881	0.070886	1.2804	0.368444
4.96115	0.648666	5.20008	0.175649	5.20901	0.66599	R0.0307915	5.01315	0.679804	5.1727	0.272649	0.193597	0.0692786	1.24435	0.358792
5.22021	0.657484	5.19989	0.1813	5.51894	0.648233	L0	5.27175	0.694234	5.16867	0.304413	0.188804	0.0679559	1.21118	0.350363
5.46544	0.667167	5.25677	0.201478	5.22834	0.639362	R0.013718	5.53013	0.710295	5.16422	0.337868	0.184591	0.0669336	1.18069	0.342851
5.72736	0.677287	5.25653	0.207571	6.022	0.708619	L0	5.78828	0.728072	5.15932	0.372999	0.180632	0.0662539	1.15243	0.33653
5.96612	0.559717	5.16627	-0.17881	5.89392	0.373584	R0.018193	6.04618	0.747647	5.15393	0.409793	0.177303	0.0761275	1.12594	0.351927
6.22356	0.55017	5.16543	-0.201746	6.34249	0.948833	L0	6.30379	0.769103	5.14803	0.448233	0.17421	0.087335	1.1012	0.369913
6.48516	0.644446	5.13155	0.0653508	6.62134	0.836138	R0.00406761	6.5611	0.792523	5.14157	0.488305	0.171246	0.0906819	1.07801	0.372274
6.74095	0.647548	5.13159	0.0622686	6.78214	0.714036	L0	6.81808	0.817988	5.13452	0.52999	0.168493	0.0951645	1.05623	0.376557
6.99986	0.635024	5.02106	0.0125146	7.29121	0.630741	R0.0324569	7.07469	0.845578	5.12685	0.573269	0.165872	0.102044	1.03593	0.385273
7.25018	0.635437	5.02107	0.00685058	7.13735	0.957217	L0	7.3309	0.875373	5.11851	0.618123	0.163511	0.110271	1.01674	0.395951
7.58607	0.688605	5.18526	0.130727	8.08349	0.819605	R0.0690088	7.58668	0.907449	5.10946	0.664531	0.160564	0.115913	0.998518	0.40169
7.84461	0.695122	5.1852	0.133321	7.80533	0.719126	L0	7.84199	0.941886	5.09966	0.712469	0.157772	0.122769	0.98128	0.409092
8.10526	0.75235	5.07484	0.245667	8.40453	0.884557	R0.0297791	8.0968	0.978759	5.08907	0.761915	0.155128	0.127587	0.96479	0.413112
8.35831	0.764766	5.0744	0.254628	8.24796	0.840322	L0	8.35106	1.01814	5.07766	0.812843	0.152611	0.133508	0.949102	0.418579
8.62195	0.974993	5.15924	0.705639	8.45858	1.41118	R0.0335146	8.60472	1.06011	5.06537	0.865226	0.150239	0.132264	0.934302	0.412951
8.87911	1.01094	5.15472	0.73795	8.74615	1.04858	L0	8.85775	1.10473	5.05216	0.919037	0.147992	0.131264	0.92021	0.407866
9.20978	1.06272	5.20582	0.799818	9.8809	1.1419	R0.0570794	9.1101	1.15208	5.03798	0.974245	0.146798	0.130224	0.907033	0.402936
9.46925	1.10343	5.20051	0.833634	9.25579	1.04913	L0	9.36172	1.20223	5.0228	1.03082	0.145823	0.129432	0.894486	0.398534
9.76281	1.24121	5.20358	1.06117	10.1016	1.52474	R0.018463	9.61255	1.25524	5.00656	1.08873	0.145948	0.127643	0.882586	0.392986
10.0221	1.29521	5.19461	1.10423	10.0484	1.44598	L0	9.86254	1.31118	4.98922	1.14794	0.146332	0.125934	0.871232	0.387706
10.2692	1.45355	5.02524	1.32981	10.5377	1.72555	R0.0355601	10.1117	1.37011	4.97074	1.20841	0.146636	0.125001	0.859738	0.383077
10.5194	1.52119	5.01115	1.38197	10.2492	1.45907	L0	10.3598	1.4321	4.95106	1.2701	0.146983	0.124209	0.848699	0.378558
10.7424	1.63066	4.82227	1.48726	10.9084	1.70343	R0.0435532	10.6069	1.49721	4.93014	1.33298	0.146706	0.124449	0.838196	0.374591
10.9824	1.70627	4.80479	1.54279	10.7313	1.45265	L0	10.853	1.56549	4.90794	1.39701	0.146308	0.124873	0.828068	0.370695
11.2651	1.68757	4.89088	1.43248	11.4783	1.42876	R0.00861016	11.0979	1.637	4.8844	1.46213	0.146841	0.123624	0.818151	0.366284
11.5086	1.76027	4.87672	1.47998	11.587	1.61462	L0	11.3416	1.71179	4.85948	1.52832	0.147342	0.122401	0.808586	0.362075
11.7217	1.7684	4.82036	1.41018	11.4763	1.53917	R0.0140842	11.584	1.78992	4.83313	1.59551	0.147128	0.121046	0.799347	0.359025
11.9617	1.83988	4.80763	1.45296	11.7788	1.74591	L0	11.8251	1.87144	4.80531	1.66366	0.146902	0.119786	0.790416	0.3564
12.21	1.9704	4.86304	1.60301	12.136	2.14937	R0.0130254	12.0647	1.95639	4.77598	1.73273	0.146866	0.118495	0.781882	0.353024
12.452	2.05158	4.84758	1.64916	12.3226	1.78353	L0	12.3029	2.04482	4.74508	1.80265	0.146915	0.117231	0.773664	0.349965
12.7065	2.04907	4.93308	1.55903	12.5457	1.77728	R0.0133145	12.5394	2.13677	4.71257	1.87338	0.147363	0.116692	0.766224	0.34926
12.952	2.1279	4.92048	1.59838	12.5924	2.17509	L0	12.7743	2.23227	4.67842	1.94485	0.148045	0.116454	0.759153	0.349203
13.2113	2.31246	4.9725	1.82355	13.2198	2.6644	R0.0172158	13.0075	2.33137	4.64258	2.01701	0.149365	0.115315	0.75297	0.346774
13.4587	2.40462	4.95561	1.86897	13.0875	2.40708	L0	13.2388	2.43409	4.605	2.08981	0.151064	0.114253	0.747166	0.344747
13.5484	2.69246	4.58969	2.20871	12.7087	3.12439	R0.139596	13.4682	2.54047	4.56565	2.16317	0.150018	0.115095	0.739955	0.341475
13.7763	2.80417	4.56064	2.26808	13.836	2.62479	L0	13.6955	2.65053	4.52448	2.23703	0.149009	0.115941	0.732958	0.338265
13.9844	2.88506	4.50817	2.27395	13.8302	2.73893	R0.00563162	13.9208	2.7643	4.48147	2.31134	0.147877	0.116033	0.726148	0.335157
14.2082	3	4.47883	2.33121	14.2106	2.94205	L0	14.1439	2.88179	4.43656	2.38601	0.146783	0.116073	0.719539	0.332178
14.4779	3.0459	4.60586	2.28623	14.5568	2.87021	R0.0210786	14.3646	3.00303	4.38974	2.46099	0.146252	0.115174	0.71367	0.330026
14.7066	3.16132	4.58025	2.33711	14.4616	2.90734	L0	14.583	3.12802	4.34097	2.5362	0.145885	0.114245	0.708092	0.32818
14.9052	3.4332	4.525	2.63544	14.6754	3.96041	R0.00624902	14.7989	3.25679	4.29021	2.61157	0.145294	0.1156	0.702638	0.325353
15.1297	3.56619	4.49096	2.69303	15.0261	3.5067	L0	15.0122	3.38932	4.23744	2.68703	0.144867	0.116906	0.697439	0.322585
15.3189	3.81039	4.31147	2.90405	15.3685	4.14761	R0.0120661	15.2228	3.52563	4.18263	2.76249	0.14419	0.121617	0.691803	0.320407
15.5325	3.95691	4.26833	2.9671	15.5236	3.82936	L0	15.4306	3.66572	4.12575	2.83789	0.143597	0.126247	0.686352	0.318201
15.7608	3.96027	4.28439	2.81495	15.7234	3.4105	R0.0038408	15.6355	3.80957	4.06678	2.91315	0.143319	0.126679	0.681355	0.31587
15.9731	4.10222	4.24708	2.87092	15.9774	4.00094	L0	15.8375	3.95719	4.00571	2.98817	0.1432	0.126991	0.67661	0.313701
16.1707	4.24792	4.10602	2.91161	16.3376	4.21632	R0.0201569	16.0363	4.10854	3.94251	3.0629	0.143067	0.127193	0.671614	0.311815
16.374	4.3947	4.0652	2.96832	16.3313	4.44499	L0	16.2319	4.26363	3.87716	3.13723	0.143052	0.127254	0.666836	0.310116
16.6003	4.52293	4.06643	2.9945	16.7586	4.48231	R0.00319884	16.4242	4.42242	3.80966	3.21109	0.143609	0.126891	0.662519	0.30891
16.8016	4.67379	4.02586	3.04881	16.6039	4.67344	L0	16.613	4.5849	3.74	3.28438	0.144383	0.126408	0.658483	0.307944
16.9259	4.91181	3.71366	3.18427	16.9236	5.10119	R0.0725917	16.7983	4.75103	3.66817	3.35704	0.14415	0.126981	0.653646	0.306388
17.1093	5.07224	3.66183	3.24373	16.9955	5.21099	L0	16.9799	4.92077	3.59416	3.42897	0.143946	0.127369	0.648944	0.304976
17.3025	5.12433	3.62247	3.1515	17.3421	4.64623	R0.0049513	17.1579	5.09409	3.51797	3.50008	0.143956	0.126508	0.644413	0.305643
17.4814	5.28305	3.57349	3.20693	17.2894	5.43542	L0	17.3319	5.27094	3.4396	3.57028	0.144035	0.125622	0.640056	0.306531
17.6616	5.31705	3.51075	3.08809	17.6463	4.74597	R0.0132173	17.5019	5.45128	3.35907	3.63949	0.144263	0.125746	0.635847	0.311254
17.8349	5.47254	3.46467	3.13971	17.7853	5.62476	L0	17.6679	5.63506	3.27637	3.70762	0.144599	0.126322	0.631861	0.316181
17.957	5.72717	3.2682	3.29246	17.9216	6.07151	R0.0141355	17.8297	5.82221	3.19151	3.77458	0.144379	0.125951	0.62764	0.318999
18.118	5.89286	3.21297	3.34637	18.1263	6.16985	L0	17.9872	6.01269	3.10453	3.84027	0.144206	0.125871	0.623568	0.321957
18.2397	6.20226	3.07792	3.57339	18.1245	6.79027	R0.00113801	18.1402	6.20641	3.01542	3.90462	0.143708	0.125041	0.619493	0.32208
18.3909	6.38196	3.01334	3.62801	18.2164	6.66138	L0	18.2888	6.40332	2.92421	3.96753	0.143245	0.12425	0.615541	0.322313
18.4991	6.66149	2.84441	3.79341	18.4022	7.02231	R0.001644	18.4328	6.60333	2.83093	4.0289	0.142522	0.123627	0.611585	0.321348
18.6384	6.85214	2.77085	3.84747	18.5422	6.76013	L0	18.572	6.80638	2.7356	4.08867	0.141814	0.12295	0.607715	0.320459
18.7949	7.05961	2.76759	3.92279	18.8089	7.24388	R0.00890977	18.7064	7.01237	2.63825	4.14672	0.141272	0.122293	0.604078	0.319432
18.9304	7.25664	2.69478	3.97315	19.1441	7.18344	L0	18.8359	7.22122	2.53893	4.20299	0.140789	0.1216	0.600587	0.31848
18.9717	7.49322	2.4335	4.05231	18.5479	7.4012	R0.047604	18.9604	7.43283	2.43767	4.25737	0.139934	0.12104	0.596914	0.317341
19.0903	7.69666	2.35012	4.10123	19.0138	7.8688	L0	19.0798	7.64712	2.3345	4.3098	0.139093	0.120431	0.593309	0.316253
19.2372	7.84877	2.34934	4.09311	19.3089	7.67375	R0.00234822	19.1939	7.86397	2.22949	4.36017	0.138343	0.119724	0.589912	0.315713
19.3516	8.05418	2.26917	4.13809	19.132	8.12845	L0	19.3028	8.08329	2.12266	4.40842	0.137629	0.119059	0.586647	0.315217
19.4323	8.25418	2.20039	4.18338	19.0239	8.17194	R0.0208851	19.4062	8.30497	2.01409	4.45445	0.136856	0.118492	0.583572	0.314739
19.5393	8.464	2.12011	4.22464	19.347	8.30741	L0	19.5042	8.5289	1.90381	4.49819	0.136119	0.118014	0.580672	0.314296
19.6388	8.63324	2.0084	4.20974	19.6843	8.35902	R0.00560516	19.5966	8.75494	1.7919	4.53956	0.135418	0.118056	0.577824	0.314477
19.7361	8.8443	1.92567	4.24822	20.0039	8.8906	L0	19.6835	8.983	1.67841	4.57848	0.13477	0.118308	0.575166	0.314659
19.7693	9.14709	1.70419	4.36653	19.6061	9.48659	R0.00596695	19.7645	9.21294	1.56341	4.61488	0.134021	0.117854	0.572155	0.313999
19.8512	9.36584	1.61173	4.4015	20.1574	9.45949	L0	19.8398	9.44463	1.44697	4.64869	0.133287	0.117495	0.569264	0.313342
19.8545	9.64886	1.35315	4.48076	19.6163	9.76606	R0.0174629	19.9093	9.67795	1.32916	4.67984	0.132684	0.116894	0.566167	0.312325
19.9186	9.87316	1.24986	4.51066	20.1573	9.90876	L0	19.9728	9.91275	1.21005	4.70826	0.132088	0.116337	0.56313	0.311317
19.8867	10.3262	1.04509	4.76972	19.1911	11.5493	R0.0137778	20.0303	10.1489	1.08972	4.73389	0.132216	0.117152	0.560146	0.309678
19.9353	10.5647	0.935751	4.79237	20.166	10.4687	L0	20.0818	10.3863	0.968259	4.75666	0.132373	0.117962	0.5572	0.308066
19.9176	10.8338	0.69833	4.82793	19.6775	10.803	R0.0149122	20.1271	10.6247	0.845742	4.77652	0.133407	0.119271	0.554495	0.306502
19.9487	11.075	0.580947	4.84345	20.371	11.0109	L0	20.1663	10.864	0.722256	4.7934	0.134544	0.120573	0.551815	0.30496
19.916	11.464	0.410211	4.99604	19.4335	12.3402	R0.00834612	20.1993	11.1041	0.597892	4.80727	0.136882	0.125341	0.54932	0.303999
19.9328	11.7134	0.291533	5.00437	20.3164	11.3483	L0	20.2261	11.3449	0.472738	4.81807	0.139344	0.130092	0.546842	0.303039
19.7754	12.0733	-0.193908	5.04974	19.2063	12.2418	R0.0816856	20.2466	11.5861	0.346889	4.82575	0.146435	0.138307	0.546782	0.302351
19.7615	12.3251	-0.333037	5.04248	20.6141	11.9422	L0	20.2608	11.8275	0.220439	4.83027	0.153945	0.146253	0.546849	0.30159
19.8839	12.4231	-0.0900364	4.94664	19.966	11.9688	R0.0711037	20.2687	12.0692	0.093487	4.83159	0.157854	0.149694	0.544465	0.300324
19.8759	12.6699	-0.205476	4.94319	20.3263	12.4966	L0	20.2701	12.3108	-0.0338694	4.82968	0.161818	0.15311	0.542079	0.299072
19.8462	12.8661	-0.418198	4.85573	20.0192	12.4823	R0.0275272	20.2652	12.5522	-0.161529	4.82451	0.166198	0.15545	0.540053	0.297647
19.8216	13.1081	-0.541261	4.84355	20.498	12.8924	L0	20.254	12.7933	-0.28939	4.81605	0.170703	0.157729	0.538037	0.296238
19.9548	13.1727	-0.460776	4.69313	20.9151	12.2555	R0.0137396	20.2363	13.0339	-0.417348	4.80428	0.172082	0.157561	0.53551	0.295035
19.9283	13.4066	-0.575994	4.68038	20.1943	13.1688	L0	20.2122	13.2738	-0.545298	4.78918	0.173462	0.157347	0.53301	0.293841
19.9019	13.6257	-0.665238	4.66138	19.858	13.5236	R0.00167816	20.1818	13.5129	-0.673135	4.77072	0.174745	0.156993	0.530537	0.292667
19.8653	13.8579	-0.777817	4.64393	20.3245	13.8896	L0	20.1449	13.7509	-0.800753	4.74892	0.175991	0.156607	0.528102	0.291495
19.8823	14.0016	-0.853951	4.53737	20.3387	13.5307	R0.00539341	20.1017	13.9878	-0.928043	4.72374	0.176434	0.155899	0.525744	0.290711
19.8363	14.2275	-0.966407	4.51475	20.1216	14.337	L0	20.0521	14.2233	-1.0549	4.69521	0.176828	0.155196	0.523438	0.289904
19.7689	14.4504	-1.09839	4.48327	19.6717	14.4038	R0.00171186	19.9962	14.4573	-1.18121	4.66331	0.177341	0.154503	0.521155	0.289108
19.7107	14.6734	-1.21046	4.45432	19.781	14.773	L0	19.934	14.6897	-1.30687	4.62805	0.1778	0.153825	0.518923	0.28829
19.7387	14.7682	-1.18864	4.33723	20.1149	14.0165	R0.00307398	19.8655	14.9202	-1.43177	4.58944	0.177416	0.153809	0.517143	0.287993
19.6762	14.9838	-1.29354	4.30711	20.0208	15.2053	L0	19.7908	15.1486	-1.55581	4.54751	0.176966	0.153908	0.51547	0.287613
19.5656	15.1974	-1.62645	4.15986	20.0157	15.3443	R0.138745	19.7099	15.3749	-1.67887	4.50226	0.17671	0.154128	0.513267	0.28813
19.4808	15.4036	-1.74721	4.1106	19.9131	15.554	L0	19.6229	15.5989	-1.80085	4.45372	0.176442	0.154525	0.511093	0.288644
19.4775	15.5238	-1.75782	4.00971	19.9388	15.0864	R0.00178863	19.5298	15.8203	-1.92164	4.40193	0.175759	0.156271	0.509146	0.289677
19.3864	15.7225	-1.87198	3.95771	19.4748	16.0098	L0	19.4307	16.039	-2.04114	4.3469	0.175066	0.158294	0.507239	0.290656
19.2982	15.9298	-1.92769	3.93789	19.1556	16.0022	R0.0089035	19.3257	16.2549	-2.15925	4.28868	0.174353	0.160404	0.505563	0.291208
19.1988	16.1249	-2.03452	3.88377	19.238	16.2719	L0	19.2148	16.4679	-2.27586	4.22731	0.173638	0.162755	0.503948	0.291679
19.1197	16.3044	-2.14017	3.80764	19.4007	16.2962	R0.00627617	19.0981	16.6777	-2.39087	4.16284	0.172936	0.165572	0.502391	0.292256
19.0098	16.4928	-2.24538	3.74656	19.0029	16.8387	L0	18.9757	16.8841	-2.50418	4.0953	0.172258	0.16863	0.500889	0.292759
18.7944	16.8003	-2.6039	3.6788	18.8373	17.7112	R0.0994927	18.8477	17.0872	-2.61571	4.02476	0.171629	0.169912	0.498866	0.293227
18.6611	16.9818	-2.7183	3.5951	18.6148	17.3832	L0	18.7142	17.2866	-2.72534	3.95127	0.171007	0.171413	0.496867	0.293784
18.6488	17.1215	-2.55713	3.57886	18.8177	17.0316	R0.0781186	18.5752	17.4822	-2.83299	3.87489	0.170454	0.173729	0.495501	0.293802
18.5184	17.2983	-2.65406	3.50758	18.1023	17.5529	L0	18.4309	17.674	-2.93858	3.79568	0.169959	0.176226	0.494192	0.293757
18.3952	17.4815	-2.68791	3.47901	18.2749	17.4877	R0.0114746	18.2814	17.8617	-3.042	3.71372	0.169592	0.178725	0.493251	0.293342
18.2584	17.6534	-2.77695	3.40836	18.2094	18.0461	L0	18.1268	18.0453	-3.14318	3.62906	0.16933	0.181344	0.492393	0.292848
18.1187	17.7683	-2.91488	3.24442	18.3021	17.498	R0.0200977	17.9671	18.2246	-3.24204	3.5418	0.169201	0.185025	0.491334	0.292883
17.9706	17.9282	-3.00406	3.16203	17.9018	18.2183	L0	17.8026	18.3994	-3.3385	3.45199	0.169191	0.188861	0.490326	0.292861
17.9545	18.0628	-2.9557	3.10265	18.8558	18.1364	R0.0638161	17.6334	18.5697	-3.43247	3.35973	0.170851	0.193248	0.490225	0.292606
17.8046	18.2157	-3.038	3.02211	17.3845	18.7039	L0	17.4595	18.7353	-3.5239	3.26509	0.172818	0.197722	0.490193	0.292265
17.6599	18.3217	-3.13446	2.88094	17.7945	18.0801	R0.00695755	17.281	18.8962	-3.61271	3.16817	0.175256	0.203137	0.490105	0.292227
17.5012	18.4633	-3.21384	2.79212	17.1762	18.8863	L0	17.0983	19.0521	-3.69883	3.06904	0.178017	0.20863	0.490067	0.292117
17.2732	18.7416	-3.35879	2.81656	16.9398	19.7311	R0.035446	16.9113	19.203	-3.78221	2.9678	0.180055	0.211593	0.48961	0.29133
17.1034	18.88	-3.43397	2.7244	16.5734	19.052	L0	16.7201	19.3488	-3.86278	2.86455	0.18236	0.214591	0.489194	0.290512
16.796	19.1686	-3.67649	2.70717	16.1674	20.2201	R0.0202571	16.5251	19.4894	-3.9405	2.75938	0.183156	0.215548	0.487936	0.289491
16.6104	19.3013	-3.74991	2.60453	16.2338	19.6171	L0	16.3262	19.6246	-4.01531	2.65237	0.18408	0.216516	0.486698	0.288477
16.4393	19.2787	-3.81808	2.33186	16.4366	18.2742	R0.0923035	16.1237	19.7545	-4.08716	2.54364	0.185352	0.219458	0.48549	0.288001
16.2468	19.3923	-3.88563	2.21747	15.9243	19.8703	L0	15.9176	19.8789	-4.15602	2.43329	0.186763	0.222485	0.484301	0.287553
16.1214	19.4734	-3.80945	2.15556	16.2328	19.2166	R0.0267639	15.7082	19.9978	-4.22185	2.32141	0.189306	0.226026	0.483832	0.286877
15.9296	19.5785	-3.86738	2.04981	15.4332	20.1836	L0	15.4956	20.111	-4.28461	2.2081	0.192103	0.229595	0.483398	0.286178
15.5365	19.9153	-4.10473	2.12476	14.3677	21.3406	R0.0338004	15.2799	20.2185	-4.34427	2.09347	0.192625	0.230188	0.48213	0.285194
15.3301	20.0188	-4.15859	2.01733	15.2016	20.4385	L0	15.0613	20.3203	-4.4008	1.97763	0.193254	0.230755	0.480886	0.284228
15.0776	20.105	-4.24663	1.87996	14.7476	19.9571	R0.0131165	14.84	20.4162	-4.4542	1.86068	0.193592	0.231401	0.479544	0.283258
14.8642	20.1963	-4.29467	1.76748	14.6665	20.6088	L0	14.6161	20.5063	-4.50443	1.74272	0.194015	0.232026	0.478223	0.2823
14.5191	20.3829	-4.48014	1.69415	13.841	21.0031	R0.0028084	14.3897	20.5904	-4.55149	1.62386	0.193651	0.231869	0.47664	0.281404
14.2943	20.4647	-4.5235	1.57472	14.0521	20.5924	L0	14.1611	20.6686	-4.59537	1.50421	0.193308	0.231693	0.475075	0.280518
14.0198	20.5763	-4.62753	1.45114	13.8232	20.859	R0.00335657	13.9304	20.7408	-4.63606	1.38386	0.192801	0.23131	0.473489	0.279635
13.7877	20.6459	-4.66504	1.3256	13.4686	20.7253	L0	13.6977	20.807	-4.67357	1.26294	0.192301	0.230915	0.471919	0.278754
13.5815	20.6405	-4.71599	1.064	13.8263	20.4261	R0.0270449	13.4632	20.8671	-4.70789	1.14153	0.191907	0.230886	0.470365	0.277907
13.3451	20.6904	-4.74516	0.925281	13.1072	20.8294	L0	13.2271	20.9211	-4.73904	1.01975	0.191517	0.230885	0.468825	0.277103
13.1157	20.78	-4.77306	0.834956	13.2669	21.1579	R0.0201057	12.9895	20.969	-4.76702	0.897694	0.191164	0.230638	0.467301	0.276248
12.8767	20.8185	-4.79522	0.696468	12.8729	21.0592	L0	12.7506	21.0108	-4.79186	0.775469	0.190816	0.230411	0.465791	0.275428
12.4584	20.9762	-4.99178	0.6248	11.5171	21.6724	R0.00255327	12.5106	21.0465	-4.81358	0.653175	0.190249	0.22974	0.464515	0.274553
12.2087	21.0042	-5.00755	0.482326	12.2062	21.11	L0	12.2695	21.0761	-4.83219	0.530912	0.189704	0.229079	0.463245	0.273705
12.0102	21.0186	-4.98501	0.33076	12.3859	21.1066	R0.00816684	12.0276	21.0996	-4.84773	0.408778	0.189108	0.228444	0.461906	0.272908
11.761	21.0319	-4.99248	0.186874	11.6814	20.8651	L0	11.785	21.117	-4.86022	0.286869	0.188522	0.227824	0.46057	0.272164
11.526	20.9912	-4.97584	-0.00830764	11.5265	20.6748	R0.0107815	11.5418	21.1283	-4.86971	0.165281	0.187936	0.22737	0.459205	0.271659
11.2775	20.9875	-4.97345	-0.154274	11.363	21.0688	L0	11.2982	21.1335	-4.87623	0.0441057	0.187358	0.226954	0.457841	0.271265
10.9753	20.9403	-5.00017	-0.350921	10.5558	20.5567	R0.035912	11.0544	21.1327	-4.87982	-0.076565	0.186883	0.226758	0.456524	0.271284
10.7258	20.9195	-4.98757	-0.498972	10.8903	20.927	L0	10.8105	21.1259	-4.88053	-0.196643	0.186427	0.226638	0.455198	0.271486
10.3031	21.0137	-5.09862	-0.472308	9.30535	21.3896	R0.0280789	10.5666	21.1131	-4.8784	-0.31604	0.186993	0.226079	0.454134	0.270932
10.0488	20.9872	-5.08404	-0.609489	10.189	21.209	L0	10.3229	21.0943	-4.87349	-0.434674	0.187643	0.225548	0.453053	0.270452
9.80717	20.9957	-5.06283	-0.683496	9.97958	21.2932	R0.0170196	10.0795	21.0697	-4.86585	-0.552463	0.188268	0.224941	0.451945	0.269828
9.55472	20.9588	-5.0431	-0.816445	9.99634	20.9797	L0	9.83658	21.0391	-4.85554	-0.669327	0.188966	0.224352	0.450823	0.26926
9.30299	20.9789	-5.00031	-0.772593	9.38223	21.111	R0.0441975	9.59422	21.0028	-4.84262	-0.785189	0.189738	0.223691	0.449644	0.268459
9.05368	20.9379	-4.98055	-0.891111	9.53921	20.8762	L0	9.35258	20.9607	-4.82714	-0.899977	0.190568	0.223035	0.448467	0.267664
8.92741	20.8769	-4.85217	-1.0099	9.63392	20.9724	R0.0164177	9.11177	20.9128	-4.80919	-1.01362	0.190532	0.222395	0.447158	0.266876
8.68562	20.824	-4.82649	-1.12624	8.70331	20.8221	L0	8.87192	20.8594	-4.78881	-1.12605	0.190508	0.221761	0.445858	0.266094
8.69878	20.6424	-4.54335	-1.32206	9.84634	20.009	R0.00197612	8.63315	20.8003	-4.76608	-1.2372	0.190019	0.221443	0.444884	0.265399
8.47262	20.574	-4.50853	-1.43633	8.22277	20.4839	L0	8.39557	20.7358	-4.74108	-1.34701	0.189559	0.221144	0.443949	0.264718
8.25177	20.4917	-4.47655	-1.57909	8.29647	20.4978	R0.00166057	8.1593	20.6657	-4.71387	-1.45542	0.189144	0.220902	0.443037	0.264122
8.02912	20.4106	-4.43449	-1.69363	7.88599	20.45	L0	7.92445	20.5903	-4.68453	-1.56237	0.188769	0.220689	0.442173	0.263553
7.86959	20.3282	-4.36408	-1.85226	8.29081	20.6565	R0.0301212	7.69111	20.5096	-4.65313	-1.66781	0.188712	0.220485	0.441453	0.263171
7.65277	20.2334	-4.31287	-1.96855	7.18029	20.392	L0	7.45939	20.4237	-4.61975	-1.7717	0.188738	0.220326	0.440809	0.262843
7.38183	20.147	-4.30618	-2.0602	7.09214	20.1196	R0.00242782	7.22939	20.3326	-4.58448	-1.87399	0.188554	0.220145	0.440063	0.262475
7.16801	20.042	-4.25059	-2.17258	6.81542	20.1859	L0	7.00119	20.2364	-4.54738	-1.97462	0.18844	0.22001	0.439393	0.262159
6.94108	19.9664	-4.20918	-2.22089	6.89359	20.1536	R0.00715748	6.7749	20.1352	-4.50854	-2.07357	0.188323	0.219759	0.438738	0.26166
6.73217	19.8535	-4.15125	-2.32736	6.38914	20.0137	L0	6.55059	20.0292	-4.46805	-2.17079	0.188287	0.219539	0.438158	0.261196
6.5366	19.7849	-4.09795	-2.37429	6.67637	20.2142	R0.0261573	6.32834	19.9183	-4.42598	-2.26625	0.188402	0.219158	0.437628	0.2606
6.3333	19.6645	-4.03735	-2.47593	5.86119	19.8306	L0	6.10823	19.8027	-4.38241	-2.35993	0.188622	0.218797	0.437176	0.260029
5.97797	19.5455	-4.13744	-2.63509	5.28178	19.5036	R0.0164688	5.89034	19.6824	-4.33744	-2.45178	0.18822	0.218435	0.436235	0.259673
5.77287	19.4121	-4.06993	-2.7382	5.69089	19.5755	L0	5.67472	19.5577	-4.29114	-2.5418	0.187849	0.218107	0.435359	0.259373
5.65433	19.2328	-3.89965	-2.86709	5.9506	18.9859	R0.0028086	5.46145	19.4284	-4.24359	-2.62995	0.187876	0.217993	0.434918	0.259258
5.46125	19.0879	-3.82472	-2.96631	5.17021	19.4397	L0	5.25059	19.2948	-4.19488	-2.71622	0.188005	0.217935	0.434598	0.25921
5.3735	18.9867	-3.64522	-2.92128	5.87397	19.301	R0.0527794	5.04219	19.157	-4.1451	-2.80059	0.189055	0.217709	0.434971	0.25867
5.19306	18.8394	-3.57213	-3.01021	4.89149	18.982	L0	4.8363	19.015	-4.09432	-2.88305	0.190332	0.217508	0.435478	0.25815
4.79961	18.7499	-3.75386	-3.07849	3.98679	19.0452	R0.00268403	4.63297	18.8689	-4.04263	-2.96359	0.190215	0.217107	0.434836	0.257605
4.61379	18.5948	-3.68061	-3.16571	4.4685	18.834	L0	4.43224	18.7188	-3.99012	-3.0422	0.190171	0.216723	0.434274	0.257085
4.4696	18.4575	-3.5676	-3.15062	4.69245	18.4634	R0.0160479	4.23416	18.5648	-3.93685	-3.11888	0.190434	0.216297	0.433961	0.256425
4.29302	18.299	-3.49599	-3.2299	4.26269	18.481	L0	4.03876	18.4071	-3.88293	-3.19362	0.19082	0.215876	0.43373	0.255773
3.96972	18.1847	-3.62401	-3.40739	3.42434	18.8357	R0.06652	3.84606	18.2457	-3.82841	-3.26644	0.190534	0.215364	0.43286	0.255314
3.79053	18.0132	-3.54435	-3.49018	3.45919	18.167	L0	3.65611	18.0807	-3.77339	-3.33732	0.190289	0.214865	0.43206	0.254893
3.73435	17.8614	-3.33835	-3.44786	4.3011	17.9267	R0.029732	3.46891	17.9122	-3.71795	-3.40627	0.190747	0.214347	0.431808	0.25426
3.56933	17.6881	-3.26046	-3.52162	3.12525	17.7493	L0	3.28449	17.7402	-3.66215	-3.47331	0.191342	0.213834	0.431661	0.253637
3.23875	17.549	-3.40011	-3.63914	2.65664	17.888	R0.0169888	3.10287	17.565	-3.60609	-3.53844	0.191102	0.213297	0.430818	0.253097
3.07075	17.3662	-3.31931	-3.71298	2.9449	17.8154	L0	2.92405	17.3866	-3.54982	-3.60167	0.190905	0.212765	0.430045	0.252583
3.00938	17.1325	-3.09091	-3.90981	3.26647	17.0897	R0.01714	2.74805	17.2051	-3.49344	-3.66302	0.191322	0.212295	0.429911	0.252555
2.8571	16.9362	-2.99624	-3.98282	2.55407	17.0853	L0	2.57486	17.0205	-3.437	-3.72251	0.191881	0.211849	0.429966	0.252594
2.6655	16.7966	-2.96132	-3.86168	2.55039	16.8884	R0.0506833	2.4045	16.833	-3.38059	-3.78014	0.192284	0.21134	0.429914	0.252033
2.51948	16.6029	-2.87609	-3.92557	2.25371	16.8334	L0	2.23695	16.6427	-3.32428	-3.83595	0.192832	0.210837	0.430006	0.25149
2.18815	16.4198	-3.02185	-3.88828	1.57735	16.0489	R0.0342869	2.07221	16.4497	-3.26812	-3.88995	0.19253	0.21033	0.429297	0.250873
2.03892	16.225	-2.94563	-3.94634	1.88972	16.1054	L0	1.91027	16.254	-3.21219	-3.94216	0.19227	0.209826	0.428653	0.250261
1.83159	16.0756	-2.96799	-3.89446	1.74362	16.2687	R0.0162833	1.75112	16.0557	-3.15656	-3.99261	0.191885	0.209321	0.427813	0.249746
1.6849	15.8806	-2.89762	-3.9471	1.44745	16.0853	L0	1.59474	15.8549	-3.10129	-4.04132	0.191523	0.208823	0.427013	0.249228
1.59317	15.6355	-2.72909	-4.14314	1.6097	15.5526	R0.0277625	1.44111	15.6517	-3.04644	-4.08832	0.191353	0.208323	0.426553	0.248657
1.45867	15.428	-2.64621	-4.19656	1.18395	15.4284	L0	1.29021	15.4463	-2.99207	-4.13364	0.19125	0.207828	0.426204	0.2481
1.19162	15.2683	-2.75933	-4.17544	0.828993	15.528	R0.0111685	1.14201	15.2386	-2.93825	-4.1773	0.190825	0.207343	0.425367	0.247509
1.05548	15.0593	-2.6828	-4.22502	0.722706	15.0075	L0	0.996486	15.0288	-2.88503	-4.21933	0.190415	0.206861	0.424586	0.246922
0.917928	14.9059	-2.64197	-4.14182	1.03147	15.2134	R0.0326391	0.853604	14.8169	-2.83246	-4.25977	0.190017	0.206463	0.423786	0.246472
0.787479	14.6986	-2.57145	-4.18596	0.737301	14.7047	L0	0.71333	14.603	-2.78061	-4.29864	0.189638	0.206082	0.423032	0.246014
0.705296	14.438	-2.4092	-4.36038	0.722177	14.2445	R0.0275564	0.575628	14.3872	-2.72952	-4.33598	0.189402	0.20563	0.422611	0.245444
0.586709	14.2198	-2.32769	-4.40443	0.253435	14.2029	L0	0.440459	14.1696	-2.67925	-4.37181	0.189224	0.20518	0.422308	0.244883
0.355462	13.9662	-2.38557	-4.6121	-0.0328023	13.9604	R0.0384737	0.307779	13.9502	-2.62984	-4.40617	0.188814	0.204707	0.421657	0.244716
0.238236	13.7354	-2.29729	-4.6567	0.459172	13.6856	L0	0.177545	13.7292	-2.58135	-4.43909	0.188423	0.204235	0.421126	0.244598
0.118781	13.4951	-2.19977	-4.78057	0.0524412	13.6377	R0.0128011	0.0497099	13.5065	-2.53381	-4.47061	0.188049	0.203768	0.420767	0.244938
0.010991	13.2559	-2.10453	-4.82326	-0.190344	13.2856	L0	-0.0757753	13.2823	-2.48728	-4.50075	0.187711	0.20331	0.420602	0.245348
-0.159273	13.0517	-2.13398	-4.75291	-0.275043	13.1456	R0.0198184	-0.198962	13.0566	-2.44179	-4.52955	0.187303	0.202847	0.420157	0.245252
-0.263974	12.814	-2.04717	-4.79094	0.0462308	12.9301	L0	-0.319903	12.8295	-2.39739	-4.55704	0.186916	0.202391	0.419867	0.245202
-0.479444	12.5823	-2.15708	-4.72739	-0.684792	12.3563	R0.0247415	-0.438654	12.6011	-2.35412	-4.58326	0.186515	0.201938	0.419129	0.244841
-0.585562	12.3459	-2.08144	-4.76118	-0.476482	12.3633	L0	-0.555273	12.3714	-2.31202	-4.60823	0.186107	0.201492	0.418473	0.244506
-0.784656	12.1586	-2.17622	-4.71051	-0.972122	12.5207	R0.0261749	-0.669818	12.1404	-2.27111	-4.63198	0.18585	0.201046	0.417586	0.244016
-0.891932	11.9232	-2.1087	-4.74112	-0.582624	12.0386	L0	-0.78235	11.9083	-2.23144	-4.65456	0.18558	0.200601	0.416738	0.243541
-1.08267	11.6867	-2.18161	-4.7536	-1.26757	11.6495	R0.0011627	-0.892931	11.6751	-2.19304	-4.67598	0.185599	0.200158	0.415815	0.243057
-1.19034	11.4492	-2.11888	-4.78189	-1.17212	11.3988	L0	-1.00163	11.4409	-2.15594	-4.69628	0.185613	0.199717	0.414906	0.242587
-1.21678	11.2176	-1.98037	-4.69382	-0.891441	10.959	R0.029077	-1.1085	11.2057	-2.12017	-4.71549	0.185344	0.19928	0.414098	0.242059
-1.31452	10.983	-1.92151	-4.71822	-1.39289	11.0424	L0	-1.21362	10.9695	-2.08575	-4.73364	0.185059	0.198847	0.413336	0.241532
-1.35233	10.7444	-1.74753	-4.81133	-1.29894	10.9012	R0.0151609	-1.31706	10.7324	-2.05273	-4.75075	0.184671	0.198416	0.412927	0.241039
-1.43825	10.5039	-1.67979	-4.8354	-1.49687	10.4198	L0	-1.41889	10.4945	-2.02111	-4.76686	0.184275	0.197987	0.412644	0.240559
-1.53816	10.2249	-1.61916	-4.93981	-1.59293	10.0212	R0.0120118	-1.51917	10.2559	-1.99093	-4.78198	0.183882	0.19757	0.412476	0.240264
-1.61757	9.97807	-1.54752	-4.96273	-1.61875	10.2374	L0	-1.61797	10.0165	-1.96221	-4.79615	0.183487	0.197162	0.412486	0.239996
-1.67317	9.77245	-1.47105	-4.88062	-1.59702	9.96554	R0.0167143	-1.71539	9.77637	-1.93498	-4.80939	0.183115	0.19674	0.412719	0.239528
-1.74527	9.5286	-1.40322	-4.90055	-1.73381	9.71347	L0	-1.81147	9.53564	-1.90924	-4.82172	0.182776	0.196322	0.413161	0.239073
-1.9443	9.27083	-1.53862	-4.9821	-2.27191	9.37316	R0.0041115	-1.90631	9.29431	-1.88502	-4.83316	0.182405	0.195911	0.412901	0.238763
-2.01987	9.02192	-1.47553	-5.00115	-1.93833	8.77028	L0	-1.99998	9.05243	-1.86233	-4.84374	0.182025	0.195507	0.412794	0.238478
-2.06409	8.83087	-1.40375	-4.89272	-1.96565	9.13274	R0.0269069	-2.09256	8.81003	-1.8412	-4.85347	0.181651	0.195101	0.412901	0.23799
-2.13305	8.58645	-1.34528	-4.90912	-2.1768	8.5411	L0	-2.18412	8.56717	-1.82164	-4.86238	0.181301	0.194696	0.413187	0.237511
-2.35573	8.30754	-1.55779	-4.969	-2.65862	8.19477	R0.00132934	-2.27474	8.32388	-1.80365	-4.87047	0.180998	0.194293	0.41263	0.237101
-2.43261	8.05933	-1.50901	-4.98404	-2.21875	8.15339	L0	-2.3645	8.0802	-1.78726	-4.87778	0.180676	0.193894	0.412163	0.236707
-2.41279	7.9065	-1.31765	-4.86636	-2.273	8.52315	R0.0416223	-2.45348	7.83617	-1.77248	-4.8843	0.180321	0.193546	0.412349	0.236221
-2.47763	7.66338	-1.26672	-4.87987	-2.59674	7.60288	L0	-2.54177	7.59184	-1.75931	-4.89006	0.179997	0.193202	0.412711	0.235735
-2.7431	7.40865	-1.61429	-4.8356	-3.08256	7.38874	R0.0507565	-2.62944	7.34723	-1.74777	-4.89507	0.179775	0.192846	0.411953	0.235282
-2.82325	7.16715	-1.58382	-4.84566	-2.79865	7.064	L0	-2.71658	7.10238	-1.73786	-4.89933	0.179537	0.192496	0.411229	0.234827
-2.83366	6.96153	-1.41159	-4.83675	-2.79412	7.20818	R0.00842603	-2.80326	6.85734	-1.72958	-4.90286	0.179182	0.192219	0.410893	0.234387
-2.90351	6.71988	-1.3743	-4.84748	-2.74651	6.86867	L0	-2.88957	6.61214	-1.72295	-4.90566	0.178821	0.191952	0.41066	0.233941
-2.90788	6.51765	-1.29726	-4.69244	-2.57673	6.36755	R0.0358595	-2.97559	6.36681	-1.71797	-4.90774	0.178512	0.191804	0.410701	0.233869
-2.97217	6.28323	-1.26623	-4.70091	-2.90217	6.22989	L0	-3.0614	6.12139	-1.71464	-4.90911	0.178243	0.191693	0.410859	0.233772
-3.15475	6.01587	-1.43327	-4.79349	-3.50172	6.10796	R0.00755212	-3.14709	5.87592	-1.71297	-4.90976	0.177887	0.191514	0.410418	0.233419
-3.22597	5.77641	-1.40795	-4.80099	-3.1778	5.53101	L0	-3.23274	5.63043	-1.71295	-4.9097	0.177532	0.191354	0.410052	0.233055
-3.34473	5.5038	-1.53344	-4.78233	-3.19736	5.19093	R0.0333249	-3.31843	5.38496	-1.71458	-4.90893	0.177188	0.191121	0.409397	0.232729
-3.4212	5.26493	-1.51872	-4.78703	-3.43031	5.10507	L0	-3.40424	5.13955	-1.71787	-4.90745	0.17684	0.190906	0.408779	0.232392
-3.47637	5.01708	-1.45126	-4.81242	-3.4281	4.94644	R0.00388944	-3.49026	4.89422	-1.72281	-4.90525	0.176494	0.190685	0.408329	0.232007
-3.54862	4.77664	-1.43293	-4.81791	-3.69435	4.52196	L0	-3.57657	4.64902	-1.72939	-4.90233	0.176156	0.190479	0.40795	0.231612
-3.68128	4.4895	-1.6066	-4.82178	-3.50501	4.17643	R0.0452031	-3.66325	4.40398	-1.73763	-4.89868	0.175816	0.190181	0.407235	0.231209
-3.76159	4.24866	-1.60117	-4.82359	-4.00238	4.04684	L0	-3.75039	4.15913	-1.74749	-4.8943	0.175475	0.189893	0.406544	0.230801
-3.86958	4.00321	-1.62798	-4.85607	-4.06447	4.10977	R0.0052007	-3.83806	3.91452	-1.75899	-4.88918	0.175145	0.189605	0.405837	0.230362
-3.95092	3.7606	-1.62224	-4.85799	-3.88053	3.75177	L0	-3.92635	3.67019	-1.77212	-4.8833	0.174813	0.189322	0.40516	0.229923
-4.07077	3.58068	-1.73944	-4.74758	-4.23729	3.88878	R0.0443535	-4.01533	3.42616	-1.78686	-4.87666	0.174511	0.189201	0.404391	0.22962
-4.15793	3.34356	-1.74461	-4.74568	-4.15119	3.21968	L0	-4.10509	3.18248	-1.8032	-4.86925	0.174207	0.189101	0.403632	0.229307
-4.29982	3.04688	-1.90346	-4.82024	-4.27467	2.88187	R0.0179448	-4.19571	2.93919	-1.82113	-4.86104	0.173993	0.188857	0.402893	0.228883
-4.39533	2.80619	-1.91659	-4.81503	-4.32451	2.55034	L0	-4.28727	2.69633	-1.84065	-4.85202	0.17379	0.188619	0.402154	0.228459
-4.48276	2.5305	-1.907	-4.86373	-4.38481	2.39989	R0.00406889	-4.37985	2.45393	-1.86173	-4.84218	0.173576	0.188321	0.401401	0.228029
-4.57834	2.28757	-1.91749	-4.8596	-4.61223	2.09192	L0	-4.47352	2.21205	-1.88436	-4.83149	0.173368	0.188022	0.400648	0.227605
-4.68457	2.03459	-2.06176	-4.83395	-4.29257	1.92854	R0.0515124	-4.56836	1.97072	-1.90853	-4.81994	0.173188	0.187709	0.400004	0.227179
-4.78817	1.79328	-2.08467	-4.82412	-4.86829	1.53442	L0	-4.66444	1.72998	-1.93422	-4.80751	0.173029	0.187398	0.399361	0.226755
-4.92755	1.50916	-2.21328	-4.89219	-4.98165	1.43611	R0.0142368	-4.76186	1.48989	-1.9614	-4.79417	0.173002	0.187051	0.398912	0.226411
-5.03881	1.265	-2.24155	-4.8793	-4.66779	1.28643	L0	-4.86066	1.25049	-1.99007	-4.7799	0.173022	0.186705	0.398465	0.226071
-5.1227	1.0567	-2.19983	-4.79286	-4.98594	1.10894	R0.00869877	-4.96095	1.01182	-2.02019	-4.76468	0.172981	0.186379	0.397876	0.225658
-5.23318	0.81746	-2.22516	-4.78115	-4.85498	0.825661	L0	-5.06277	0.77393	-2.05174	-4.74848	0.172972	0.186054	0.397281	0.22525
-5.29348	0.456731	-2.17272	-4.97181	-4.84736	0.18101	R0.0274522	-5.16621	0.536876	-2.08471	-4.73127	0.172826	0.185775	0.396586	0.225308
-5.40241	0.208465	-2.19127	-4.96366	-5.1231	0.257311	L0	-5.27133	0.300706	-2.11906	-4.71303	0.172692	0.185519	0.395883	0.225406
-5.52536	-0.0111108	-2.1237	-4.90287	-5.99809	-0.290765	R1.16046	-5.3782	0.0654719	-2.15477	-4.69374	0.172605	0.185238	0.395165	0.225349
-5.63154	-0.256018	-2.13413	-4.89834	-5.29972	-0.212982	L0	-5.4869	-0.168772	-2.1918	-4.67335	0.172512	0.184975	0.394461	0.225348
-5.75315	-0.379429	-2.20639	-4.67176	-5.64447	-0.144522	R0.00181423	-5.59748	-0.401971	-2.23014	-4.65185	0.172454	0.184645	0.393748	0.224942
-5.86366	-0.612686	-2.22454	-4.66315	-5.85359	-0.445801	L0	-5.71001	-0.634069	-2.26974	-4.62919	0.172389	0.184316	0.393046	0.224545
-5.94387	-0.852273	-2.30922	-4.67794	-5.30947	-0.724468	R0.0642382	-5.82456	-0.865006	-2.31058	-4.60536	0.172228	0.183986	0.392339	0.224183
-6.05969	-1.08573	-2.3344	-4.66543	-5.87835	-1.26863	L0	-5.94118	-1.09472	-2.35262	-4.58032	0.172065	0.183656	0.391637	0.223839
-6.1058	-1.40804	-2.23797	-4.80191	-5.68069	-1.52871	R0.0189984	-6.05993	-1.32316	-2.39581	-4.55404	0.17178	0.183398	0.39105	0.22393
-6.21784	-1.64778	-2.25526	-4.79381	-6.27263	-1.50938	L0	-6.18087	-1.55025	-2.44014	-4.52648	0.171488	0.183164	0.39051	0.224099
-6.3544	-1.88771	-2.43836	-4.83259	-6.11355	-1.75966	R0.0561762	-6.30406	-1.77593	-2.48555	-4.49762	0.17121	0.18296	0.389827	0.224589
-6.47672	-2.12882	-2.46693	-4.81807	-6.34007	-2.13685	L0	-6.42954	-2.00014	-2.532	-4.46742	0.17093	0.182797	0.389157	0.225159
-6.65418	-2.29709	-2.57035	-4.66325	-6.99344	-2.17445	R0.010485	-6.55738	-2.22281	-2.57946	-4.43585	0.170726	0.182528	0.388471	0.225166
-6.78318	-2.52964	-2.60331	-4.64493	-6.79288	-2.4458	L0	-6.68761	-2.44386	-2.62788	-4.40288	0.17052	0.182278	0.387792	0.225228
-6.95272	-2.73121	-2.71214	-4.5769	-7.14408	-2.67584	R0.0046435	-6.82029	-2.66323	-2.6772	-4.36847	0.170401	0.182004	0.387119	0.225171
-7.08888	-2.95934	-2.74901	-4.55485	-6.8003	-3.10086	L0	-6.95546	-2.88084	-2.7274	-4.3326	0.170286	0.181745	0.386446	0.225161
-7.20234	-3.19194	-2.71649	-4.52625	-7.13937	-3.22028	R0.00570667	-7.09316	-3.09663	-2.7784	-4.29523	0.170112	0.181516	0.385792	0.225182
-7.3386	-3.41756	-2.74951	-4.50626	-7.12118	-3.26434	L0	-7.23344	-3.3105	-2.83017	-4.25632	0.16993	0.181311	0.385153	0.225272
-7.48219	-3.71278	-2.72726	-4.59877	-7.77186	-4.08999	R0.02136	-7.37632	-3.5224	-2.88265	-4.21586	0.169751	0.181344	0.384597	0.226005
-7.61883	-3.94209	-2.75504	-4.58218	-7.49009	-3.49081	L0	-7.52184	-3.73223	-2.93579	-4.1738	0.169554	0.181449	0.384081	0.226883
-7.74954	-4.1272	-2.81558	-4.50095	-7.52393	-3.88213	R0.0115788	-7.67004	-3.93992	-2.98953	-4.13012	0.169328	0.181469	0.383558	0.227531
-7.89064	-4.35154	-2.8461	-4.48171	-7.88049	-4.29783	L0	-7.82094	-4.14538	-3.04381	-4.08479	0.169088	0.181559	0.383077	0.228323
-8.0373	-4.57015	-2.87432	-4.44797	-8.08524	-4.57834	R0.000446781	-7.97457	-4.34854	-3.09857	-4.03778	0.168839	0.181711	0.382649	0.229186
-8.1813	-4.79181	-2.90451	-4.42831	-8.22492	-4.79812	L0	-8.13095	-4.5493	-3.15376	-3.98906	0.168579	0.181951	0.382275	0.230222
-8.32349	-4.97528	-2.86332	-4.29506	-8.453	-4.95621	R0.0265496	-8.2901	-4.74759	-3.2093	-3.93862	0.168305	0.182125	0.382158	0.230765
-8.46686	-5.18931	-2.89088	-4.27655	-8.33552	-5.1059	L0	-8.45204	-4.94331	-3.26514	-3.88641	0.168023	0.182378	0.382132	0.231486
-8.63294	-5.27169	-2.95389	-4.0163	-8.55062	-4.79248	R0.0284902	-8.61678	-5.13637	-3.32121	-3.83242	0.167744	0.18224	0.382083	0.231343
-8.78092	-5.47167	-2.98559	-3.9928	-8.91477	-5.51752	L0	-8.78433	-5.32669	-3.37745	-3.77663	0.167463	0.182128	0.382116	0.231293
-8.94543	-5.6685	-3.03925	-3.96503	-9.04115	-5.69364	R0.00126318	-8.95469	-5.51417	-3.43377	-3.71901	0.167185	0.182042	0.382159	0.231344
-9.09767	-5.86586	-3.07134	-3.94022	-9.03391	-5.80267	L0	-9.12788	-5.69872	-3.49012	-3.65955	0.166916	0.181995	0.382286	0.231525
-9.23316	-5.9518	-3.09099	-3.73281	-8.86897	-5.41973	R0.055976	-9.30388	-5.88026	-3.54643	-3.59823	0.166689	0.18174	0.382551	0.231271
-9.38801	-6.13747	-3.12476	-3.70459	-9.30811	-5.82368	L0	-9.4827	-6.05868	-3.60261	-3.53503	0.166503	0.181496	0.382905	0.231095
-9.57784	-6.32422	-3.20493	-3.67679	-9.80646	-6.41174	R0.00813874	-9.66432	-6.23389	-3.6586	-3.46994	0.166302	0.181272	0.383159	0.231019
-9.73838	-6.507	-3.23948	-3.6464	-9.62547	-6.55958	L0	-9.84874	-6.4058	-3.71431	-3.40295	0.16615	0.181067	0.383495	0.231061
-10.0434	-6.59825	-3.53028	-3.47769	-10.6688	-6.35543	R0.0415854	-10.0359	-6.57431	-3.76969	-3.33404	0.165879	0.180776	0.383113	0.230829
-10.2203	-6.77075	-3.57264	-3.43416	-10.2246	-6.83402	L0	-10.2259	-6.73933	-3.82463	-3.26321	0.165609	0.18049	0.382759	0.23066
-10.3963	-6.92105	-3.65473	-3.38954	-10.2205	-6.71044	R0.0108611	-10.4186	-6.90075	-3.87907	-3.19046	0.165344	0.180201	0.38235	0.230564
-10.5794	-7.08904	-3.69714	-3.34322	-10.7616	-7.29159	L0	-10.614	-7.05849	-3.93293	-3.11577	0.165088	0.179917	0.381967	0.230554
-10.8163	-7.17824	-3.85219	-3.18754	-10.8944	-6.83335	R0.00425143	-10.8121	-7.21245	-3.98613	-3.03916	0.164822	0.179637	0.381426	0.230336
-11.0094	-7.33592	-3.8967	-3.13297	-11.2219	-7.56979	L0	-11.0128	-7.36252	-4.03859	-2.96062	0.164557	0.179355	0.380897	0.230173
-11.1795	-7.47926	-3.90647	-3.06457	-10.986	-7.3707	R0.00715189	-11.2161	-7.50862	-4.09021	-2.88015	0.164306	0.179075	0.380429	0.230041
-11.3752	-7.63075	-3.949	-3.00957	-11.0934	-7.6776	L0	-11.422	-7.65064	-4.14093	-2.79777	0.164065	0.178792	0.379975	0.229985
-11.5709	-7.72777	-3.99666	-2.87801	-11.4213	-7.46085	R0.00987512	-11.6304	-7.78849	-4.19066	-2.71349	0.163838	0.17854	0.379528	0.229806
-11.771	-7.86981	-4.03827	-2.81932	-11.5269	-7.8215	L0	-11.8413	-7.92208	-4.23932	-2.6273	0.163625	0.178281	0.379094	0.229696
-11.9634	-7.9612	-4.00326	-2.64247	-11.9422	-7.88317	R0.023588	-12.0546	-8.05131	-4.28682	-2.53924	0.163447	0.178071	0.37883	0.229406
-12.1638	-8.0914	-4.04278	-2.5816	-12.09	-8.08828	L0	-12.2702	-8.17609	-4.33309	-2.44932	0.163298	0.177853	0.378583	0.229164
-12.4041	-8.2114	-4.21778	-2.56402	-12.4462	-8.02117	R0.0314099	-12.4881	-8.29633	-4.37802	-2.35756	0.163109	0.177637	0.378094	0.229096
-12.6151	-8.33754	-4.25667	-2.49892	-12.4231	-8.2599	L0	-12.7082	-8.41193	-4.42156	-2.26399	0.162936	0.177407	0.377614	0.229115
-12.8209	-8.38617	-4.22181	-2.27608	-12.7461	-8.19449	R0.0310643	-12.9304	-8.5228	-4.4636	-2.16863	0.162797	0.177294	0.377266	0.228835
-13.0321	-8.4978	-4.2585	-2.20667	-13.2911	-8.64594	L0	-13.1547	-8.62886	-4.50407	-2.07151	0.162687	0.177169	0.376927	0.228603
-13.3309	-8.57087	-4.43485	-2.08715	-13.7929	-8.47158	R0.0262673	-13.381	-8.73002	-4.54289	-1.97267	0.162458	0.177116	0.376389	0.228337
-13.5526	-8.67287	-4.47	-2.01077	-13.384	-8.57583	L0	-13.6092	-8.82619	-4.57997	-1.87214	0.162237	0.177047	0.375856	0.228114
-13.7781	-8.64144	-4.42612	-1.68584	-13.6376	-8.26344	R0.0552778	-13.8392	-8.91729	-4.61524	-1.76997	0.162022	0.177437	0.375423	0.227809
-13.9993	-8.72316	-4.45761	-1.60071	-13.9959	-8.99264	L0	-14.0709	-9.00324	-4.64861	-1.6662	0.161822	0.177844	0.374994	0.227488
-14.2607	-8.8375	-4.61795	-1.62634	-14.4737	-8.79552	R0.0431624	-14.3043	-9.08395	-4.68001	-1.56086	0.161591	0.178094	0.374435	0.227167
-14.4915	-8.91621	-4.64683	-1.54187	-14.4273	-9.1875	L0	-14.5391	-9.15936	-4.70936	-1.45402	0.161365	0.17833	0.373878	0.226872
-14.6849	-9.04465	-4.60151	-1.52378	-14.5757	-9.32634	R0.00278288	-14.7754	-9.22939	-4.73658	-1.34573	0.161197	0.17835	0.373382	0.226739
-14.9148	-9.11827	-4.62768	-1.44233	-15.062	-9.04396	L0	-15.013	-9.29397	-4.76161	-1.23603	0.161043	0.178342	0.372887	0.22668
-15.1781	-9.25343	-4.67088	-1.43502	-15.6189	-9.69365	R0.0444349	-15.2517	-9.35302	-4.78436	-1.125	0.160849	0.178155	0.372374	0.226978
-15.4114	-9.32261	-4.6947	-1.35505	-15.6682	-9.56749	L0	-15.4916	-9.40649	-4.80476	-1.01269	0.160667	0.177946	0.37186	0.227415
-15.6732	-9.33389	-4.67169	-1.13712	-15.9382	-9.35751	R0.0238395	-15.7324	-9.45431	-4.82275	-0.899159	0.160458	0.177801	0.371392	0.227448
-15.9063	-9.38804	-4.69179	-1.05112	-16.0862	-9.59819	L0	-15.9741	-9.49642	-4.83827	-0.784484	0.160259	0.177633	0.370921	0.227576
-16.2234	-9.297	-4.76473	-0.723957	-16.6033	-8.85459	R0.00415272	-16.2164	-9.53277	-4.85124	-0.668734	0.16002	0.177835	0.370396	0.227255
-16.4609	-9.33023	-4.77854	-0.626349	-16.4229	-9.37029	L0	-16.4594	-9.5633	-4.8616	-0.55198	0.159781	0.178026	0.36987	0.226952
-16.6174	-9.36919	-4.69166	-0.550142	-16.011	-9.33486	R0.0426476	-16.7027	-9.58797	-4.8693	-0.434301	0.159611	0.178161	0.369447	0.226702
-16.8513	-9.39375	-4.70193	-0.45405	-17.1132	-9.43043	L0	-16.9464	-9.60673	-4.87427	-0.315773	0.159458	0.178274	0.369017	0.22649
-17.0101	-9.70397	-4.66651	-0.795697	-16.9255	-10.8571	R0.0509386	-17.1903	-9.61954	-4.87646	-0.196479	0.159523	0.178069	0.368648	0.228492
-17.2429	-9.74115	-4.67914	-0.717717	-17.5448	-9.57485	L0	-17.4342	-9.62636	-4.87583	-0.0765024	0.159627	0.177916	0.368259	0.230797
-17.5597	-9.66799	-4.73031	-0.451434	-18.1371	-9.39146	R0.0198174	-17.6781	-9.62717	-4.87232	0.0440703	0.159521	0.177668	0.367798	0.232019
-17.7954	-9.68778	-4.73779	-0.364576	-17.9724	-9.42299	L0	-17.9216	-9.62194	-4.86588	0.165151	0.159434	0.177443	0.367323	0.233448
-18.0806	-9.57107	-4.73261	-0.052547	-18.3083	-9.18778	R0.0110082	-18.1648	-9.61064	-4.85648	0.286648	0.159265	0.177196	0.366847	0.233827
-18.3162	-9.57071	-4.7327	0.0441515	-18.2763	-9.60997	L0	-18.4074	-9.59325	-4.84408	0.40847	0.159109	0.176942	0.366361	0.234313
-18.5172	-9.60593	-4.73797	0.0482036	-18.2443	-9.58547	R0.0105975	-18.6493	-9.56977	-4.82864	0.530522	0.159038	0.176695	0.365861	0.235413
-18.753	-9.60062	-4.73614	0.140301	-18.9545	-9.51544	L0	-18.8904	-9.54017	-4.81012	0.652707	0.158979	0.176469	0.365352	0.236684
-18.982	-9.51577	-4.75129	0.305448	-18.6983	-9.02886	R0.0265898	-19.1305	-9.50447	-4.78851	0.774927	0.15895	0.176215	0.364829	0.237686
-19.2183	-9.49757	-4.74433	0.399273	-19.2983	-9.09865	L0	-19.3694	-9.46265	-4.76378	0.897083	0.158928	0.175971	0.364305	0.238843
-19.5042	-9.30168	-4.69284	0.778348	-19.7037	-8.79906	R0.0190266	-19.6069	-9.41472	-4.73591	1.01907	0.158795	0.175822	0.363788	0.238848
-19.7373	-9.25962	-4.67417	0.883549	-19.8731	-8.96417	L0	-19.8431	-9.36071	-4.70487	1.1408	0.158668	0.175653	0.36327	0.238903
-20.073	-8.92325	-4.67112	1.39367	-20.3815	-7.6755	R0.0066365	-20.0775	-9.30061	-4.67066	1.26215	0.158442	0.176558	0.362751	0.238665
-20.3045	-8.85023	-4.63449	1.51101	-20.1607	-9.59663	L0	-20.3102	-9.23446	-4.63328	1.38303	0.158216	0.177495	0.362234	0.238423
-20.4964	-8.97172	-4.63718	1.33185	-20.4587	-9.7448	R0.0198295	-20.5409	-9.16227	-4.59271	1.50334	0.158009	0.177534	0.361727	0.238259
-20.7265	-8.90203	-4.6056	1.43726	-20.6596	-8.91527	L0	-20.7696	-9.08409	-4.54895	1.62296	0.157802	0.177547	0.361227	0.238127
-21.0233	-8.74899	-4.59492	1.66466	-21.5568	-8.5005	R0.0188838	-20.9959	-8.99994	-4.50202	1.74179	0.157585	0.177797	0.36075	0.237826
-21.2511	-8.66263	-4.55433	1.77269	-21.0195	-8.85081	L0	-21.2198	-8.90987	-4.45191	1.85972	0.157372	0.178031	0.360283	0.237535
-21.5111	-8.55243	-4.50519	1.93221	-21.8628	-8.64129	R0.0161537	-21.4412	-8.81393	-4.39865	1.97666	0.157194	0.17832	0.359821	0.237213
-21.7341	-8.45271	-4.45701	2.0409	-21.5029	-8.87191	L0	-21.6597	-8.71217	-4.34224	2.0925	0.157023	0.178599	0.359368	0.236896
-21.9688	-8.11789	-4.25469	2.49771	-21.9514	-7.41274	R0.0558629	-21.8754	-8.60465	-4.2827	2.20712	0.156882	0.180195	0.358868	0.237063
-22.1787	-7.98976	-4.18331	2.61551	-21.9793	-8.57089	L0	-22.0881	-8.49143	-4.22007	2.32043	0.156736	0.181881	0.358373	0.237245
-22.3729	-7.89838	-4.18132	2.61693	-22.1914	-7.70392	R0.0208314	-22.2975	-8.37258	-4.15437	2.43232	0.156569	0.18334	0.357878	0.237115
-22.5793	-7.76454	-4.11167	2.72506	-22.5838	-8.35296	L0	-22.5035	-8.24817	-4.08564	2.5427	0.156403	0.184847	0.357385	0.23698
-22.7198	-7.77802	-4.01918	2.65944	-22.3177	-8.57758	R0.00140285	-22.7061	-8.11829	-4.01391	2.65145	0.156188	0.185456	0.356891	0.236653
-22.9181	-7.64221	-3.9499	2.76129	-22.9861	-7.6724	L0	-22.9049	-7.98301	-3.93923	2.75848	0.155974	0.186062	0.356399	0.236327
-23.0984	-7.57669	-3.79521	2.83384	-23.2693	-8.32031	R0.0355288	-23.1	-7.84243	-3.86163	2.8637	0.15576	0.186327	0.355927	0.236007
-23.2854	-7.4322	-3.71721	2.9354	-23.4777	-7.56583	L0	-23.2911	-7.69663	-3.78118	2.967	0.155547	0.186586	0.355454	0.23569
-23.4885	-7.28792	-3.73365	2.98097	-23.473	-7.02103	R0.0205583	-23.4781	-7.54572	-3.69792	3.06828	0.155335	0.186818	0.354973	0.235412
-23.6724	-7.1363	-3.65738	3.07406	-23.5408	-7.36069	L0	-23.6609	-7.3898	-3.61191	3.16746	0.155124	0.187032	0.354497	0.235141
-23.8821	-6.92729	-3.61377	3.21012	-24.0505	-6.56968	R0.00221687	-23.8393	-7.22897	-3.52321	3.26445	0.15493	0.187438	0.354047	0.234839
-24.06	-6.76435	-3.53292	3.29889	-23.9384	-7.26171	L0	-24.0132	-7.06336	-3.43189	3.35916	0.154739	0.18783	0.353606	0.234541
-24.2488	-6.48039	-3.40362	3.52339	-24.3577	-5.94086	R0.00343477	-24.1825	-6.89307	-3.33801	3.45149	0.154568	0.188799	0.353144	0.234254
-24.4158	-6.3019	-3.31108	3.61049	-24.2574	-6.4352	L0	-24.347	-6.71823	-3.24166	3.54138	0.154401	0.189779	0.352686	0.233966
-24.5729	-6.24045	-3.17911	3.61492	-24.788	-7.18367	R0.0303392	-24.5066	-6.53896	-3.14289	3.62873	0.154231	0.190155	0.352217	0.233652
-24.7286	-6.05747	-3.08069	3.69915	-24.3008	-6.43799	L0	-24.6612	-6.35538	-3.0418	3.71347	0.154064	0.190525	0.35175	0.23334
-24.8466	-5.87845	-2.92996	3.783	-24.6108	-6.00878	R0.00808071	-24.8107	-6.16764	-2.93846	3.79553	0.153869	0.190857	0.35128	0.233028
-24.9897	-5.68723	-2.82445	3.86241	-25.146	-5.91902	L0	-24.955	-5.97587	-2.83295	3.87484	0.153674	0.191184	0.350812	0.232718
-25.1126	-5.42385	-2.69247	3.99744	-24.8975	-5.02285	R0.0103909	-25.094	-5.7802	-2.72537	3.95132	0.153473	0.191812	0.350349	0.232421
-25.2437	-5.22211	-2.58049	4.07063	-25.1941	-5.64372	L0	-25.2276	-5.58079	-2.61581	4.02492	0.153271	0.192447	0.349889	0.232124
-25.3963	-5.11268	-2.57669	4.02087	-25.5328	-5.4399	R0.0205298	-25.3556	-5.37777	-2.50435	4.09557	0.153083	0.192675	0.349445	0.231849
-25.5218	-4.90996	-2.47165	4.08628	-25.5713	-5.10241	L0	-25.4779	-5.1713	-2.39109	4.16322	0.152897	0.192888	0.349009	0.231577
-25.5953	-5.01157	-2.45885	3.83358	-25.0178	-6.55904	R0.0193693	-25.5946	-4.96152	-2.27613	4.22781	0.152696	0.192651	0.348675	0.232154
-25.7153	-4.81841	-2.3671	3.8909	-25.6952	-4.89995	L0	-25.7055	-4.7486	-2.15956	4.2893	0.152496	0.192432	0.34838	0.232746
-25.8373	-4.59469	-2.29478	3.96507	-25.8162	-4.40681	R0.00142036	-25.8105	-4.53268	-2.04149	4.34764	0.152303	0.192206	0.348165	0.233264
-25.9491	-4.3951	-2.20162	4.01754	-25.9516	-4.26659	L0	-25.9096	-4.31392	-1.92202	4.40279	0.152117	0.191999	0.348003	0.233789
-26.0932	-4.20235	-2.01706	4.10586	-26.8953	-4.43966	R0.107092	-26.0027	-4.0925	-1.80125	4.45471	0.151989	0.191831	0.347724	0.234163
-26.1908	-3.9958	-1.9101	4.15669	-26.1198	-3.67723	L0	-26.0897	-3.86856	-1.67928	4.50337	0.151879	0.191692	0.347471	0.234525
-26.2723	-3.75559	-1.6647	4.27542	-26.5652	-3.85723	R0.047205	-26.1706	-3.64227	-1.55623	4.54875	0.15177	0.19153	0.347065	0.234634
-26.3518	-3.54073	-1.54101	4.32155	-25.9974	-3.24722	L0	-26.2453	-3.41381	-1.4322	4.59081	0.151671	0.191391	0.34666	0.23473
-26.3901	-3.23689	-1.27544	4.46662	-26.2976	-3.01078	R0.0267412	-26.3138	-3.18332	-1.30729	4.62954	0.151525	0.191164	0.346217	0.234573
-26.4498	-3.01273	-1.13587	4.50413	-26.1741	-2.87885	L0	-26.376	-2.95098	-1.18162	4.66493	0.151376	0.190944	0.34578	0.234413
-26.4937	-2.87644	-0.999894	4.46805	-26.4681	-3.44967	R0.000500011	-26.4319	-2.71697	-1.05529	4.69696	0.151214	0.190869	0.345347	0.234399
-26.5397	-2.65243	-0.859367	4.49719	-26.674	-2.73852	L0	-26.4815	-2.48143	-0.928411	4.72562	0.15105	0.190821	0.344923	0.234384
-26.6015	-2.34577	-0.75822	4.57509	-26.657	-1.72382	R0.00511416	-26.5247	-2.24456	-0.80109	4.75091	0.150907	0.190646	0.34449	0.234253
-26.6356	-2.11663	-0.619203	4.59597	-26.6691	-2.17333	L0	-26.5616	-2.0065	-0.673434	4.77284	0.150761	0.190485	0.344062	0.234125
-26.6524	-1.82622	-0.516601	4.6376	-26.3248	-1.32261	R0.02138	-26.5921	-1.76744	-0.545553	4.79141	0.1506	0.190266	0.343628	0.233956
-26.6746	-1.59416	-0.381763	4.65064	-26.4671	-1.53207	L0	-26.6161	-1.52753	-0.417552	4.80664	0.150438	0.190054	0.343198	0.233791
-26.6539	-1.46481	-0.186648	4.58456	-26.4998	-2.19526	R0.0108711	-26.6338	-1.28695	-0.289538	4.81852	0.150251	0.190025	0.342803	0.233792
-26.6595	-1.23564	-0.0469509	4.58812	-26.5998	-1.14277	L0	-26.6451	-1.04586	-0.161616	4.8271	0.150064	0.190024	0.342419	0.233805
-26.7148	-1.10841	0.00418167	4.51671	-27.2008	-1.67679	R0.035393	-26.65	-0.804425	-0.0338883	4.83238	0.14991	0.190396	0.341994	0.234047
-26.7111	-0.882772	0.138744	4.51458	-26.7355	-0.59539	L0	-26.6485	-0.562811	0.0935412	4.83439	0.149755	0.19083	0.341573	0.234301
-26.7116	-0.551657	0.334577	4.60487	-26.9891	0.0351487	R0.0129251	-26.6406	-0.321181	0.220572	4.83317	0.14961	0.19094	0.341193	0.234286
-26.6913	-0.32187	0.475744	4.59243	-26.4553	0.0602653	L0	-26.6264	-0.0796947	0.347104	4.82874	0.149458	0.191085	0.340828	0.234291
-26.683	-0.0849042	0.624546	4.5923	-26.9537	0.136943	R1.23248	-26.6059	0.161489	0.473041	4.82116	0.149322	0.191242	0.340488	0.234278
-26.6481	0.144029	0.766894	4.57068	-26.6201	0.57588	L0	-26.5792	0.402213	0.598287	4.81045	0.149176	0.191437	0.340169	0.234292
-26.6492	0.350771	0.802121	4.52762	-26.8241	0.381506	R1.22189	-26.5462	0.642323	0.722748	4.79667	0.149079	0.19175	0.339771	0.234384
-26.6058	0.576381	0.935087	4.50204	-26.7293	1.06082	L0	-26.5069	0.881666	0.846334	4.77986	0.148976	0.192113	0.33938	0.234501
-26.5407	1.12897	1.01991	4.70256	-25.9562	2.60409	R0.0553034	-26.4616	1.12009	0.968955	4.76007	0.148844	0.191876	0.338971	0.23423
-26.4867	1.36325	1.14371	4.674	-26.3986	1.42212	L0	-26.4101	1.35745	1.09053	4.73737	0.14871	0.191641	0.338564	0.233963
-26.4721	1.21762	1.10124	4.36404	-26.5072	-0.563928	R0.0120836	-26.3526	1.59361	1.21096	4.71181	0.148645	0.192309	0.338193	0.234309
-26.4144	1.43497	1.21205	4.33457	-26.3594	1.79315	L0	-26.2891	1.82841	1.33018	4.68345	0.148593	0.193056	0.33783	0.234658
-26.3484	1.68117	1.33294	4.32507	-26.3475	1.82827	R4.29239e-05	-26.2197	2.06173	1.44811	4.65235	0.148548	0.193734	0.337465	0.234928
-26.2792	1.89645	1.44284	4.28966	-26.2502	2.18481	L0	-26.1444	2.29342	1.56467	4.61859	0.148516	0.194487	0.337108	0.235202
-26.2151	2.14119	1.47738	4.2743	-26.069	2.27896	R0.0150828	-26.0633	2.52336	1.67979	4.58223	0.148524	0.195161	0.336846	0.235406
-26.1389	2.35391	1.57898	4.23782	-26.0641	2.80701	L0	-25.9765	2.75141	1.79339	4.54334	0.148559	0.195903	0.336604	0.235601
-26.0542	2.63104	1.76799	4.24857	-26.3234	3.02388	R0.0231032	-25.8841	2.97746	1.90543	4.502	0.148615	0.196406	0.336265	0.235646
-25.9633	2.84225	1.87514	4.20238	-25.8345	3.42005	L0	-25.7861	3.20139	2.01582	4.45828	0.148691	0.19696	0.33593	0.235697
-25.8941	3.1597	1.96979	4.24766	-26.1824	3.73376	R0.0163017	-25.6826	3.42306	2.12452	4.41227	0.148874	0.197146	0.335612	0.235551
-25.7933	3.37078	2.07472	4.19741	-25.6666	3.63509	L0	-25.5737	3.64239	2.23146	4.36404	0.149083	0.197358	0.335297	0.23541
-25.6772	3.50584	2.18622	4.08165	-25.5773	3.13316	R0.00345314	-25.4596	3.85924	2.3366	4.31367	0.149285	0.197879	0.334977	0.235402
-25.5656	3.70848	2.28881	4.02502	-25.7492	3.99968	L0	-25.3402	4.07353	2.43989	4.26125	0.149513	0.198445	0.334658	0.235404
-25.4444	3.8849	2.3799	3.94607	-25.3516	3.75691	R0.00159981	-25.2157	4.28514	2.54127	4.20686	0.149751	0.199169	0.334352	0.235468
-25.3233	4.08069	2.47854	3.88487	-25.0214	4.52803	L0	-25.0863	4.49399	2.64071	4.15058	0.150019	0.199949	0.334049	0.235544
-25.1285	4.28859	2.57701	3.81569	-24.2719	4.30917	R0.0854892	-24.9518	4.69998	2.73817	4.09251	0.150087	0.200714	0.333745	0.235651
-24.9978	4.47781	2.66916	3.75181	-25.0363	4.88499	L0	-24.8126	4.90303	2.83361	4.03273	0.15018	0.20154	0.333446	0.235768
-24.8156	4.71609	2.7942	3.71535	-24.3609	4.95947	R0.0190002	-24.6686	5.10304	2.92701	3.97132	0.150172	0.202177	0.333115	0.235818
-24.6741	4.90021	2.8832	3.64672	-24.5041	5.35293	L0	-24.5201	5.29995	3.01833	3.90839	0.150182	0.202868	0.332787	0.235882
-24.4954	5.10101	3.06937	3.57018	-24.4379	5.24592	R0.0137833	-24.367	5.49367	3.10754	3.84401	0.150134	0.203521	0.332402	0.235978
-24.3402	5.27763	3.15978	3.49041	-24.1159	5.61152	L0	-24.2095	5.68414	3.19464	3.77827	0.150092	0.204232	0.332016	0.236113
-24.2094	5.33283	3.25813	3.30679	-24.5638	4.75836	R0.011964	-24.0477	5.8713	3.27959	3.71127	0.15012	0.205647	0.33163	0.236646
-24.0448	5.49611	3.34608	3.21776	-23.9153	5.94377	L0	-23.8818	6.05508	3.36239	3.64309	0.150151	0.207172	0.331244	0.23726
-23.8799	5.78768	3.30975	3.26124	-23.5491	6.44495	R0.0525646	-23.7117	6.23542	3.44302	3.57383	0.150196	0.208055	0.330921	0.237463
-23.7131	5.94892	3.38662	3.18134	-23.6471	6.29102	L0	-23.5377	6.41227	3.52148	3.50357	0.150259	0.209008	0.330601	0.237695
-23.5708	6.18426	3.39984	3.19366	-23.7544	6.53746	R0.0192121	-23.3598	6.58559	3.59775	3.4324	0.150428	0.209657	0.330355	0.237697
-23.3996	6.34222	3.47055	3.11667	-23.0099	6.86182	L0	-23.1781	6.75533	3.67185	3.36041	0.150631	0.210354	0.330115	0.237711
-23.2007	6.37511	3.52959	2.92122	-22.7862	5.74143	R0.0381762	-22.9928	6.92146	3.74376	3.28768	0.150787	0.211742	0.329895	0.238088
-23.0231	6.51939	3.59552	2.83967	-22.6991	7.063	L0	-22.804	7.08393	3.8135	3.21431	0.15098	0.213224	0.329681	0.238492
-22.7844	6.67418	3.75708	2.73779	-22.418	6.76159	R0.0238338	-22.6117	7.24273	3.88106	3.14038	0.151033	0.214712	0.329357	0.238997
-22.5955	6.8091	3.82161	2.64697	-22.5083	7.31524	L0	-22.4161	7.39782	3.94647	3.06598	0.151104	0.216308	0.329034	0.239563
-22.3171	7.08245	4.09472	2.62799	-22.0543	7.85452	R0.0377506	-22.2173	7.54917	4.00974	2.99118	0.151007	0.217208	0.328683	0.239918
-22.1114	7.21154	4.16066	2.52229	-22.1947	7.69478	L0	-22.0154	7.69679	4.07087	2.91607	0.150905	0.218193	0.328336	0.240381
-21.8699	7.6564	4.1902	2.77475	-21.6178	9.0351	R0.0475295	-21.8105	7.84064	4.12989	2.84074	0.15076	0.218122	0.327976	0.240128
-21.6596	7.79313	4.25046	2.68153	-21.6473	7.94	L0	-21.6026	7.98072	4.18681	2.76526	0.150613	0.218058	0.327618	0.239889
-21.4954	7.9183	4.23529	2.61795	-21.8637	7.78661	R0.0170514	-21.392	8.11703	4.24166	2.68971	0.150523	0.218016	0.327247	0.239641
-21.2829	8.04728	4.28997	2.52736	-21.0853	7.83229	L0	-21.1787	8.24957	4.29447	2.61417	0.150435	0.217982	0.326877	0.239406
-21.0115	8.42907	4.31051	2.7591	-20.5503	9.28616	R0.0378811	-20.9628	8.37833	4.34526	2.53871	0.150283	0.21775	0.326513	0.239365
-20.7954	8.56541	4.35937	2.68125	-21.0519	8.50983	L0	-20.7444	8.50333	4.39406	2.46341	0.150133	0.217525	0.32615	0.239319
-20.4864	8.77749	4.56351	2.59779	-19.9265	9.40847	R0.0313534	-20.5237	8.62457	4.4409	2.38835	0.149975	0.217401	0.325836	0.239256
-20.2576	8.90549	4.61338	2.50817	-20.21	8.68914	L0	-20.3006	8.74206	4.48582	2.31358	0.149821	0.217296	0.325527	0.239166
-20.064	9.04537	4.55115	2.51119	-20.2277	8.8532	R0.0262683	-20.0753	8.85583	4.52884	2.23919	0.149655	0.217238	0.325166	0.239244
-19.836	9.16928	4.59456	2.43087	-20.0633	8.86724	L0	-19.848	8.96589	4.57001	2.16524	0.149489	0.217208	0.324805	0.239306
-19.6652	9.2367	4.51027	2.36565	-19.9264	8.78179	R0.0186661	-19.6186	9.07227	4.60937	2.09179	0.149339	0.217105	0.324478	0.239388
-19.4394	9.35352	4.54772	2.29283	-19.4861	8.96665	L0	-19.3873	9.17499	4.64694	2.01891	0.149194	0.217027	0.324152	0.23947
-19.1153	9.59207	4.72238	2.29939	-18.5719	10.2069	R0.011081	-19.1542	9.27409	4.68278	1.94666	0.14904	0.217302	0.323798	0.23978
-18.8788	9.70543	4.75997	2.22053	-18.6786	9.19191	L0	-18.9193	9.36959	4.71692	1.8751	0.148887	0.217635	0.323447	0.240064
-18.7344	9.64182	4.71037	1.95725	-19.2825	8.98189	R0.00670993	-18.6827	9.46154	4.7494	1.80429	0.148743	0.217559	0.323096	0.239907
-18.4986	9.73799	4.74438	1.87331	-18.4242	9.46852	L0	-18.4446	9.54996	4.78028	1.73429	0.148601	0.217499	0.322745	0.239732
-18.2708	9.59933	4.81766	1.47503	-18.1634	8.72444	R0.0932882	-18.2049	9.63492	4.80959	1.66514	0.14847	0.217267	0.322391	0.239634
-18.0297	9.67099	4.84772	1.37302	-17.7736	9.72478	L0	-17.9639	9.71643	4.83737	1.59691	0.14834	0.217039	0.322039	0.239601
-17.7369	9.80844	4.8633	1.37214	-17.2296	9.97767	R0.0268933	-17.7214	9.79457	4.86368	1.52964	0.148179	0.216803	0.321687	0.239453
-17.4937	9.87514	4.88927	1.27651	-17.3436	9.88109	L0	-17.4777	9.86936	4.88856	1.46338	0.14802	0.216567	0.321336	0.239351
-17.2252	9.98759	4.95012	1.22544	-17.1554	10.212	R0.000329986	-17.2328	9.94087	4.91205	1.39818	0.147859	0.216342	0.320992	0.239226
-16.9777	10.047	4.97301	1.12897	-16.8876	10.145	L0	-16.9868	10.0091	4.93421	1.33408	0.147699	0.216115	0.320648	0.239157
-16.7159	10.1127	4.99482	1.05324	-16.5958	10.1078	R0.00172262	-16.7396	10.0743	4.95507	1.27113	0.147543	0.215888	0.320306	0.239113
-16.4663	10.1636	5.01405	0.957514	-16.5153	10.3091	L0	-16.4915	10.1362	4.97469	1.20937	0.147389	0.215659	0.319966	0.239141
-16.1843	10.285	5.06816	0.948203	-16.09	10.5824	R0.00144382	-16.2424	10.1952	4.99311	1.14883	0.147254	0.215467	0.31964	0.239065
-15.9311	10.3307	5.08482	0.854363	-16.006	10.1843	L0	-15.9924	10.2511	5.01039	1.08956	0.147124	0.215266	0.319314	0.239057
-15.6873	10.401	5.05269	0.84485	-15.7234	10.41	R0.0107939	-15.7416	10.3041	5.02655	1.03159	0.146987	0.215082	0.318974	0.238957
-15.4349	10.4417	5.06648	0.757734	-15.5699	10.1904	L0	-15.4899	10.3543	5.04166	0.974957	0.146852	0.21489	0.318634	0.238912
-15.0315	10.5634	5.29836	0.663996	-14.2385	10.9109	R0.0568279	-15.2376	10.4016	5.05576	0.919692	0.147004	0.21479	0.318491	0.23895
-14.767	10.5947	5.30973	0.56593	-14.9365	10.4722	L0	-14.9846	10.4462	5.06889	0.865828	0.14719	0.214671	0.318346	0.239096
-14.601	10.5009	5.09112	0.482784	-14.724	9.63507	R0.0693071	-14.7309	10.4882	5.0811	0.813394	0.147155	0.214443	0.318007	0.239328
-14.3468	10.5235	5.0984	0.398626	-14.4088	10.222	L0	-14.4766	10.5276	5.09243	0.762418	0.147121	0.214215	0.31767	0.239661
-14.0697	10.5556	5.11525	0.341465	-13.9005	10.5238	R0.00321159	-14.2218	10.5645	5.10293	0.712926	0.147131	0.213989	0.317333	0.240016
-13.8144	10.5713	5.1201	0.258742	-13.8049	10.9383	L0	-13.9665	10.5989	5.11263	0.664944	0.147142	0.213766	0.316998	0.240489
-13.5343	10.6813	5.08069	0.394988	-13.3956	10.7857	R0.0456319	-13.7107	10.631	5.12159	0.618496	0.14721	0.213553	0.316669	0.240454
-13.2808	10.6999	5.08552	0.32705	-13.3556	10.5517	L0	-13.4545	10.6608	5.12983	0.573603	0.147271	0.213336	0.316342	0.240467
-13.0083	10.7374	5.11285	0.283035	-12.9374	10.8137	R7.55096e-06	-13.1979	10.6884	5.13741	0.530288	0.147373	0.213123	0.316012	0.240482
-12.7531	10.7505	5.11615	0.215368	-12.9591	11.0099	L0	-12.9409	10.7138	5.14436	0.48857	0.147469	0.212906	0.315683	0.240555
-12.4316	10.8926	5.17428	0.359231	-12.2518	11.2495	R0.0150566	-12.6836	10.7373	5.15071	0.448467	0.147765	0.212802	0.315354	0.240338
-12.1733	10.9096	5.17799	0.301142	-12.3713	10.6091	L0	-12.426	10.7587	5.15651	0.409997	0.148062	0.212692	0.315026	0.240138
-11.9132	10.9557	5.15749	0.341349	-11.9352	10.9161	R0.0100199	-12.1681	10.7783	5.16179	0.373177	0.148364	0.212624	0.314698	0.239893
-11.6557	10.9721	5.16062	0.290287	-11.9451	11.0515	L0	-11.91	10.7961	5.16658	0.338022	0.148663	0.212555	0.314371	0.239653
-11.3354	11.0182	5.21997	0.293822	-10.9703	10.9676	R0.0104658	-11.6516	10.8121	5.17092	0.304546	0.149205	0.212541	0.314053	0.239405
-11.0748	11.0322	5.2225	0.244748	-11.4548	10.9407	L0	-11.393	10.8265	5.17484	0.272761	0.149752	0.212527	0.313735	0.23916
-10.9483	10.8112	5.1154	-0.273448	-11.3472	10.5111	R0.124455	-11.1342	10.8394	5.17836	0.242681	0.149836	0.212312	0.313424	0.240062
-10.6931	10.7962	5.11084	-0.348373	-10.6009	10.6823	L0	-10.8753	10.8509	5.18153	0.214317	0.14991	0.212107	0.313117	0.241172
-10.4712	10.7799	5.06016	-0.399826	-10.6563	10.8369	R0.00559748	-10.6161	10.8609	5.18435	0.187679	0.1499	0.211921	0.312845	0.242393
-10.2187	10.7587	5.05393	-0.472108	-10.4142	10.8747	L0	-10.3569	10.8697	5.18687	0.162776	0.149876	0.211763	0.312582	0.243847
-9.94155	10.8812	5.00137	-0.216587	-9.90413	11.2255	R0.120578	-10.0976	10.8772	5.1891	0.139618	0.149889	0.211546	0.312377	0.24413
-9.69195	10.8697	4.99891	-0.267338	-9.83445	11.1032	L0	-9.83809	10.8837	5.19106	0.118212	0.149882	0.21133	0.312178	0.244503
-9.60078	10.7458	4.78593	-0.402134	-10.195	10.3498	R0.00526168	-9.57852	10.8891	5.19278	0.0985664	0.149732	0.211214	0.312401	0.245298
-9.36196	10.725	4.78151	-0.45171	-9.3066	11.0348	L0	-9.31887	10.8936	5.19428	0.0806865	0.149592	0.211136	0.312638	0.246223
-9.16723	10.663	4.68583	-0.489636	-9.2226	10.3527	R0.0114576	-9.05915	10.8972	5.19557	0.0645787	0.149519	0.211185	0.313165	0.247239
-8.93341	10.638	4.68086	-0.535041	-8.78899	11.0707	L0	-8.79937	10.9001	5.19667	0.050248	0.14949	0.211301	0.313708	0.248391
-8.76856	10.5285	4.55162	-0.627858	-8.83914	10.0319	R0.0152584	-8.53953	10.9023	5.19759	0.0376992	0.149693	0.211755	0.314735	0.249939
-8.54147	10.4966	4.54533	-0.671855	-8.62045	10.6577	L0	-8.27965	10.9039	5.19835	0.0269359	0.150004	0.212332	0.315784	0.251655
-8.20288	10.6144	4.66161	-0.480772	-7.91543	11.1157	R0.0278326	-8.01974	10.905	5.19896	0.0179617	0.150078	0.212519	0.316387	0.252396
-7.97026	10.5901	4.65812	-0.513532	-7.51971	11.0005	L0	-7.75979	10.9057	5.19942	0.0107791	0.150224	0.212776	0.317	0.253237
-7.63316	10.6512	4.75183	-0.353062	-7.25987	10.6458	R0.0231315	-7.49981	10.9061	5.19975	0.00539029	0.150192	0.212869	0.317317	0.253492
-7.396	10.6336	4.75016	-0.374877	-7.15631	10.815	L0	-7.23983	10.9063	5.19994	0.00179692	0.150205	0.213006	0.317637	0.253798
-7.15158	10.7198	4.74309	-0.151531	-7.39396	11.0181	R0.0702629	-6.97983	10.9064	5.2	-7.84874e-15	0.150251	0.212957	0.317977	0.253635
