0.312243	0.58034	0	0	0.312243	0.58034	L0	0.6	0.6	5.19994	0	0.287757	0.0196602	5.19994	0
0.71488	0.619889	5.70306	9.58245e-18	0.862916	0.534212	R4.94583	0.859997	0.600045	5.19975	0.00179686	0.227885	0.0197525	3.69409	0.00127057
1.07727	0.554054	5.73042	-0.508937	1.17385	0.481073	L0.0023681	1.11998	0.600225	5.19943	0.00538996	0.187694	0.0311559	3.03176	0.296949
1.27664	0.523762	5.45965	-0.839656	0.969149	0.397513	R0.212791	1.37996	0.600629	5.19898	0.0107781	0.170559	0.0469592	2.62881	0.496934
1.59256	0.517988	5.46983	-0.671352	1.65063	0.62469	L0.00107115	1.6399	0.601347	5.19839	0.0179597	0.154015	0.0561595	2.35441	0.540911
1.8389	0.541908	5.42203	-0.155121	1.62331	0.499091	R0.00745101	1.89982	0.60247	5.19766	0.0269323	0.142779	0.0569168	2.15122	0.499344
2.13232	0.557256	5.42402	-0.0498099	2.18882	0.648739	L0.000578082	2.1597	0.604086	5.19678	0.0376932	0.132593	0.0555879	1.9935	0.463485
2.34734	0.617053	5.2178	0.342891	1.96701	0.557117	R0.0262287	2.41954	0.606284	5.19573	0.0502389	0.126628	0.0521369	1.86476	0.445726
2.61823	0.640654	5.22471	0.385265	2.65526	0.66598	L9.41244e-05	2.67932	0.609155	5.1945	0.0645654	0.12111	0.0502641	1.75814	0.433618
2.88429	0.650151	5.24259	0.363239	2.92034	0.645898	R0.000197621	2.93904	0.612786	5.19309	0.080668	0.116193	0.0491268	1.668	0.420959
3.11922	0.662888	5.20962	0.38276	3.01222	0.637046	L0.000526623	3.19869	0.617267	5.19147	0.0985415	0.113347	0.0488185	1.59038	0.410415
3.40394	0.594903	5.26524	-0.0100504	3.56096	0.485311	R0.00201975	3.45825	0.622685	5.18963	0.11818	0.109648	0.0474233	1.52283	0.394682
3.70997	0.525503	5.3167	-0.373946	3.89365	0.311793	L0.00380026	3.71772	0.62913	5.18754	0.139576	0.105369	0.0538704	1.46353	0.405063
3.9898	0.567762	5.38343	-0.134687	4.19786	0.698311	R0.0136087	3.97708	0.636689	5.18519	0.162724	0.101593	0.0550826	1.41128	0.39834
4.26667	0.56473	5.39402	-0.142332	4.30935	0.578564	L8.09474e-05	4.23632	0.645449	5.18256	0.187614	0.0984602	0.0571506	1.36452	0.39415
4.52541	0.59378	5.33252	-0.0168624	4.61908	0.68951	R0.00570584	4.49542	0.655498	5.17962	0.214238	0.0956279	0.0574467	1.32175	0.385982
4.71503	0.688312	5.19858	0.378511	4.35143	0.899174	L0.00833264	4.75437	0.666921	5.17634	0.242587	0.0932622	0.0559724	1.28229	0.375906
4.96728	0.687411	5.11702	0.320106	5.20901	0.66599	R0.0204096	5.01315	0.679804	5.1727	0.272649	0.0912772	0.054425	1.24623	0.365486
5.27085	0.682733	5.19007	0.255931	5.51894	0.648233	L0.00247773	5.27175	0.694234	5.16867	0.304413	0.088843	0.053039	1.21301	0.355912
5.53052	0.690499	5.24498	0.259064	5.22834	0.639362	R0.0157453	5.53013	0.710295	5.16422	0.337868	0.0865935	0.0518852	1.18243	0.347348
5.82838	0.701899	5.297	0.260524	6.022	0.708619	L0.0014135	5.78828	0.728072	5.15932	0.372999	0.0849583	0.0509559	1.15432	0.339864
6.07078	0.635802	5.19216	0.00448954	5.89392	0.373584	R0.026515	6.04618	0.747647	5.15393	0.409793	0.0831705	0.0552004	1.12781	0.343109
6.32754	0.736871	5.17805	0.320161	6.34249	0.948833	L0.00326007	6.30379	0.769103	5.14803	0.448233	0.081493	0.0544038	1.10304	0.336628
6.57759	0.768395	5.12799	0.380411	6.62134	0.836138	R0.00356888	6.5611	0.792523	5.14157	0.488305	0.0798481	0.0534855	1.07982	0.330276
6.82654	0.764732	5.12063	0.332296	6.78214	0.714036	L0.000246808	6.81808	0.817988	5.13452	0.52999	0.0782531	0.0534764	1.05801	0.326009
7.0684	0.751015	5.00811	0.253394	7.29121	0.630741	R0.0299444	7.07469	0.845578	5.12685	0.573269	0.0767434	0.0556207	1.03772	0.325776
7.28757	0.828331	4.95242	0.440345	7.13735	0.957217	L0.00214892	7.3309	0.875373	5.11851	0.618123	0.0757691	0.0553267	1.01883	0.321511
7.58278	0.841738	5.11942	0.441976	8.08349	0.819605	R0.0623053	7.58668	0.907449	5.10946	0.664531	0.0744075	0.0557309	1.00047	0.318507
7.83536	0.818751	5.11947	0.339324	7.80533	0.719126	L0.000717352	7.84199	0.941886	5.09966	0.712469	0.0731237	0.0593436	0.983075	0.320546
8.08401	0.83745	5.03259	0.34828	8.40453	0.884557	R0.0250305	8.0968	0.978759	5.08907	0.761915	0.0719326	0.0637956	0.966606	0.32408
8.322	0.851742	5.01239	0.352226	8.24796	0.840322	L0.000208226	8.35106	1.01814	5.07766	0.812843	0.070955	0.069511	0.95096	0.329369
8.59318	0.938575	5.1447	0.547716	8.45858	1.41118	R0.0394292	8.60472	1.06011	5.06537	0.865226	0.0698674	0.0717103	0.936089	0.329005
8.83268	0.993931	5.11093	0.638974	8.74615	1.04858	L0.000518772	8.85775	1.10473	5.05216	0.919037	0.0689389	0.0732022	0.921853	0.32763
9.12351	1.03316	5.17374	0.681717	9.8809	1.1419	R0.0624433	9.1101	1.15208	5.03798	0.974245	0.0679565	0.074946	0.908494	0.326651
9.36264	1.0641	5.14219	0.699968	9.25579	1.04913	L0.000430511	9.36172	1.20223	5.0228	1.03082	0.0669788	0.0774699	0.895649	0.326772
9.64299	1.13631	5.18881	0.817614	10.1016	1.52474	R0.0297703	9.61255	1.25524	5.00656	1.08873	0.0662366	0.0789162	0.883644	0.325354
9.91959	1.26009	5.18859	1.0486	10.0484	1.44598	L0.00288196	9.86254	1.31118	4.98922	1.14794	0.066005	0.0782942	0.872237	0.321343
10.1666	1.34773	5.05778	1.16021	10.5377	1.72555	R0.0405672	10.1117	1.37011	4.97074	1.20841	0.065737	0.0773425	0.860799	0.317183
10.3915	1.42695	4.99906	1.25378	10.2492	1.45907	L0.000870503	10.3598	1.4321	4.95106	1.2701	0.0650868	0.0763489	0.849727	0.313101
10.6216	1.50777	4.84277	1.32502	10.9084	1.70343	R0.0437367	10.6069	1.49721	4.93014	1.33298	0.0643101	0.075407	0.839151	0.309165
10.8454	1.53959	4.81178	1.29663	10.7313	1.45265	L0.000929001	10.853	1.56549	4.90794	1.39701	0.0635321	0.0745915	0.828991	0.305773
11.1124	1.59133	4.88096	1.31794	11.4783	1.42876	R0.0188264	11.0979	1.637	4.8844	1.46213	0.0628113	0.0740343	0.819063	0.302929
11.3928	1.63905	4.92926	1.31797	11.587	1.61462	L0.00150671	11.3416	1.71179	4.85948	1.52832	0.0625661	0.0740046	0.809552	0.3011
11.6232	1.69486	4.86122	1.32986	11.4763	1.53917	R0.00806635	11.584	1.78992	4.83313	1.59551	0.0621326	0.0745494	0.800311	0.300341
11.8525	1.75933	4.83044	1.36508	11.7788	1.74591	L0.000207464	11.8251	1.87144	4.80531	1.66366	0.0615739	0.0755873	0.791378	0.300302
12.1101	1.84921	4.89846	1.46343	12.136	2.14937	R0.0130654	12.0647	1.95639	4.77598	1.73273	0.0612666	0.0764131	0.782937	0.299662
12.3531	1.87969	4.89389	1.40593	12.3226	1.78353	L0.000664217	12.3029	2.04482	4.74508	1.80265	0.0610526	0.0793402	0.774867	0.302052
12.6101	1.94191	4.95868	1.43089	12.5457	1.77728	R0.00977643	12.5394	2.13677	4.71257	1.87338	0.0612682	0.0833954	0.767576	0.305636
12.8112	2.07372	4.86233	1.6082	12.5924	2.17509	L0.00283302	12.7743	2.23227	4.67842	1.94485	0.0608679	0.0855913	0.760157	0.306301
13.0801	2.18262	4.95592	1.72951	13.2198	2.6644	R0.0274682	13.0075	2.33137	4.64258	2.01701	0.0611256	0.0873032	0.753821	0.305936
13.285	2.32229	4.8564	1.8998	13.0875	2.40708	L0.00224512	13.2388	2.43409	4.605	2.08981	0.0608686	0.0878492	0.747223	0.304088
13.4626	2.46157	4.61198	2.02889	12.7087	3.12439	R0.0881015	13.4682	2.54047	4.56565	2.16317	0.0602854	0.0876857	0.740032	0.301725
13.7129	2.57923	4.61102	2.12228	13.836	2.62479	L0.000652808	13.6955	2.65053	4.52448	2.23703	0.0597619	0.0874048	0.733113	0.29928
13.9325	2.69004	4.54725	2.18649	13.8302	2.73893	R0.00234955	13.9208	2.7643	4.48147	2.31134	0.0592275	0.0871794	0.726349	0.296983
14.1619	2.84491	4.50351	2.34631	14.2106	2.94205	L0.000717894	14.1439	2.88179	4.43656	2.38601	0.0587371	0.0865262	0.719772	0.294319
14.413	2.95733	4.58433	2.41342	14.5568	2.87021	R0.0204695	14.3646	3.00303	4.38974	2.46099	0.0585686	0.0859674	0.71379	0.291749
14.6189	3.03035	4.53542	2.36672	14.4616	2.90734	L0.00176128	14.583	3.12802	4.34097	2.5362	0.0582465	0.0861864	0.70797	0.290048
14.8513	3.18548	4.54959	2.51747	14.6754	3.96041	R0.00814481	14.7989	3.25679	4.29021	2.61157	0.0581504	0.0859517	0.702666	0.287802
15.061	3.37845	4.45976	2.72748	15.0261	3.5067	L0.00136701	15.0122	3.38932	4.23744	2.68703	0.0580049	0.0852319	0.697286	0.285402
15.2718	3.54351	4.33778	2.84238	15.3685	4.14761	R0.0128554	15.2228	3.52563	4.18263	2.76249	0.0578664	0.0845502	0.691741	0.283201
15.4867	3.73216	4.26706	3.01208	15.5236	3.82936	L0.000694908	15.4306	3.66572	4.12575	2.83789	0.0578372	0.0842846	0.686287	0.281754
15.6975	3.86631	4.21485	3.04284	15.7234	3.4105	R0.000897698	15.6355	3.80957	4.06678	2.91315	0.0579054	0.0839121	0.680989	0.279958
15.9192	4.01045	4.18779	3.09174	15.9774	4.00094	L0.000153732	15.8375	3.95719	4.00571	2.98817	0.0583597	0.0835135	0.675952	0.278033
16.1143	4.16982	4.04314	3.14544	16.3376	4.21632	R0.0211913	16.0363	4.10854	3.94251	3.0629	0.0587167	0.0832117	0.670769	0.276045
16.3116	4.36566	3.9646	3.29502	16.3313	4.44499	L0.000452254	16.2319	4.26363	3.87716	3.13723	0.0590957	0.0835333	0.665677	0.274612
16.5219	4.53008	3.93991	3.36559	16.7586	4.48231	R0.00586536	16.4242	4.42242	3.80966	3.21109	0.0598686	0.0839505	0.660809	0.273187
16.6993	4.69741	3.85172	3.43093	16.6039	4.67344	L0.000358983	16.613	4.5849	3.74	3.28438	0.0603491	0.0844477	0.656001	0.271731
16.8527	4.88045	3.59952	3.47528	16.9236	5.10119	R0.0600461	16.7983	4.75103	3.66817	3.35704	0.0602666	0.0852812	0.651213	0.270106
17.0161	5.1074	3.4783	3.65352	16.9955	5.21099	L0.000857998	16.9799	4.92077	3.59416	3.42897	0.0599863	0.0875918	0.646628	0.269501
17.1867	5.27232	3.38993	3.67817	17.3421	4.64623	R0.00157798	17.1579	5.09409	3.51797	3.50008	0.0596561	0.089535	0.642175	0.268414
17.3441	5.45443	3.2978	3.74153	17.2894	5.43542	L0.000123802	17.3319	5.27094	3.4396	3.57028	0.0592522	0.0915303	0.637858	0.267291
17.5012	5.61683	3.19434	3.74392	17.6463	4.74597	R0.00507782	17.5019	5.45128	3.35907	3.63949	0.0588394	0.0929626	0.633711	0.265714
17.6911	5.74176	3.19839	3.67814	17.7853	5.62476	L0.00162105	17.6679	5.63506	3.27637	3.70762	0.058498	0.0931645	0.629421	0.26391
17.8368	5.93041	3.05835	3.72404	17.9216	6.07151	R0.0103507	17.8297	5.82221	3.19151	3.77458	0.0581073	0.0933838	0.625346	0.262187
18.0088	6.12581	3.01452	3.79906	18.1263	6.16985	L0.000582621	17.9872	6.01269	3.10453	3.84027	0.0577725	0.0936744	0.62125	0.260476
18.1603	6.33022	2.94388	3.88765	18.1245	6.79027	R0.0018769	18.1402	6.20641	3.01542	3.90462	0.0574373	0.0941335	0.617203	0.258764
18.2812	6.57295	2.80076	4.04168	18.2164	6.66138	L0.000875306	18.2888	6.40332	2.92421	3.96753	0.0570696	0.0954973	0.613344	0.257217
18.4145	6.78304	2.68986	4.10725	18.4022	7.02231	R0.00120148	18.4328	6.60333	2.83093	4.0289	0.0567402	0.0970405	0.609609	0.255717
18.5603	6.92001	2.6603	4.02429	18.5422	6.76013	L0.00171268	18.572	6.80638	2.7356	4.08867	0.0563954	0.0972683	0.605797	0.254197
18.7106	7.12673	2.65094	4.10504	18.8089	7.24388	R0.0108816	18.7064	7.01237	2.63825	4.14672	0.0560438	0.0975005	0.602001	0.252646
18.9056	7.26799	2.71108	4.01671	19.1441	7.18344	L0.00351195	18.8359	7.22122	2.53893	4.20299	0.056233	0.0970361	0.598579	0.251933
18.9963	7.46276	2.5063	4.01646	18.5479	7.4012	R0.0477935	18.9604	7.43283	2.43767	4.25737	0.0560295	0.0964992	0.594966	0.251802
19.0864	7.73316	2.34172	4.19939	19.0138	7.8688	L0.00177782	19.0798	7.64712	2.3345	4.3098	0.0556957	0.0963799	0.591372	0.250573
19.2086	7.9381	2.28534	4.24095	19.3089	7.67375	R0.000879763	19.1939	7.86397	2.22949	4.36017	0.0553863	0.0961453	0.587873	0.249417
19.287	8.15718	2.13989	4.29935	19.132	8.12845	L0.000981639	19.3028	8.08329	2.12266	4.40842	0.0550861	0.0959135	0.584407	0.248227
19.387	8.36674	2.07626	4.34761	19.0239	8.17194	R0.0192005	19.4062	8.30497	2.01409	4.45445	0.0548041	0.0955866	0.581038	0.247049
19.4811	8.51279	2.01236	4.24946	19.347	8.30741	L0.00282251	19.5042	8.5289	1.90381	4.49819	0.0545445	0.0950513	0.577807	0.247068
19.5742	8.71705	1.9081	4.25871	19.6843	8.35902	R0.00210562	19.5966	8.75494	1.7919	4.53956	0.0542865	0.094596	0.574648	0.247478
19.7337	8.89528	1.95465	4.22104	20.0039	8.8906	L0.00329936	19.6835	8.983	1.67841	4.57848	0.0542428	0.0945215	0.57216	0.248983
19.8098	9.11175	1.80749	4.24062	19.6061	9.48659	R0.00822341	19.7645	9.21294	1.56341	4.61488	0.0541515	0.0945982	0.569554	0.250719
19.9377	9.34512	1.78732	4.30939	20.1574	9.45949	L0.00227442	19.8398	9.44463	1.44697	4.64869	0.0548228	0.0946536	0.567538	0.251862
19.9867	9.55919	1.58152	4.29701	19.6163	9.76606	R0.032674	19.9093	9.67795	1.32916	4.67984	0.0551194	0.0949485	0.565058	0.25365
20.0717	9.80637	1.49407	4.38677	20.1573	9.90876	L0.000749424	19.9728	9.91275	1.21005	4.70826	0.0557749	0.0950787	0.562783	0.254475
20.1332	10.0565	1.39326	4.48971	19.1911	11.5493	R0.00364677	20.0303	10.1489	1.08972	4.73389	0.0564842	0.0950503	0.560657	0.254368
20.1798	10.3372	1.23341	4.62147	20.166	10.4687	L0.00118258	20.0818	10.3863	0.968259	4.75666	0.0570798	0.0946825	0.558361	0.253406
20.1979	10.5688	1.00836	4.6116	19.6775	10.803	R0.0332707	20.1271	10.6247	0.845742	4.77652	0.0572393	0.0943609	0.555693	0.252644
20.2544	10.8495	0.886962	4.7251	20.371	11.0109	L0.00169915	20.1663	10.864	0.722256	4.7934	0.0576417	0.0938849	0.553074	0.251434
20.2828	11.1083	0.748439	4.79331	19.4335	12.3402	R0.00154065	20.1993	11.1041	0.597892	4.80727	0.0579636	0.0934056	0.550455	0.250151
20.317	11.3483	0.63319	4.81002	20.3164	11.3483	L1.48645e-08	20.2261	11.3449	0.472738	4.81807	0.0583882	0.0929333	0.547906	0.248886
20.2657	11.5914	0.272784	4.74948	19.2063	12.2418	R0.113998	20.2466	11.5861	0.346889	4.82575	0.058127	0.0924691	0.54521	0.247756
20.3362	11.8337	0.247763	4.76856	20.6141	11.9422	L0.00343816	20.2608	11.8275	0.220439	4.83027	0.0583238	0.0920122	0.542511	0.246603
20.3611	12.0692	0.216869	4.81752	19.966	11.9688	R0.038524	20.2687	12.0692	0.093487	4.83159	0.0587545	0.0915601	0.539983	0.245395
20.3457	12.3633	0.0252645	4.916	20.3263	12.4966	L0.00118123	20.2701	12.3108	-0.0338694	4.82968	0.0589403	0.0912615	0.537387	0.244349
20.2974	12.5986	-0.249084	4.83895	20.0192	12.4823	R0.0492732	20.2652	12.5522	-0.161529	4.82451	0.0587408	0.0909355	0.534866	0.243175
20.3226	12.8372	-0.306884	4.82862	20.498	12.8924	L0.00136577	20.254	12.7933	-0.28939	4.81605	0.058843	0.0906027	0.532316	0.242018
20.3115	13.0654	-0.427239	4.78818	20.9151	12.2555	R0.00133051	20.2363	13.0339	-0.417348	4.80428	0.0590187	0.0902263	0.5298	0.240879
20.2777	13.276	-0.559289	4.72428	20.1943	13.1688	L0.000735415	20.2122	13.2738	-0.545298	4.78918	0.0590818	0.089804	0.52732	0.239832
20.2398	13.5095	-0.685469	4.71464	19.858	13.5236	R0.0101665	20.1818	13.5129	-0.673135	4.77072	0.0590724	0.0893878	0.524874	0.23878
20.2171	13.7725	-0.800035	4.74476	20.3245	13.8896	L0.000970799	20.1449	13.7509	-0.800753	4.74892	0.0592056	0.089001	0.522461	0.237683
20.163	13.9971	-0.962025	4.68145	20.3387	13.5307	R0.00590842	20.1017	13.9878	-0.928043	4.72374	0.0592256	0.0885999	0.520091	0.236634
20.1055	14.2567	-1.11582	4.69842	20.1216	14.337	L0.000344444	20.0521	14.2233	-1.0549	4.69521	0.0591757	0.0882567	0.517775	0.235566
20.034	14.4848	-1.26307	4.65653	19.6717	14.4038	R0.011767	19.9962	14.4573	-1.18121	4.66331	0.0590196	0.0879	0.515516	0.234513
19.9227	14.745	-1.49086	4.66218	19.781	14.773	L0.00117018	19.934	14.6897	-1.30687	4.62805	0.0587674	0.0876647	0.513522	0.233495
19.8566	14.9615	-1.56545	4.61699	20.1149	14.0165	R0.0165834	19.8655	14.9202	-1.43177	4.58944	0.058515	0.0873653	0.511418	0.232483
19.8278	15.1758	-1.58824	4.55182	20.0208	15.2053	L0.00174332	19.7908	15.1486	-1.55581	4.54751	0.0583623	0.0870217	0.509199	0.231471
19.6989	15.3822	-1.88882	4.3658	20.0157	15.3443	R0.107889	19.7099	15.3749	-1.67887	4.50226	0.0581192	0.0866484	0.507374	0.230819
19.6736	15.564	-1.87521	4.25631	19.9131	15.554	L0.00298684	19.6229	15.5989	-1.80085	4.45372	0.0580597	0.0863375	0.505248	0.230554
19.5831	15.7647	-1.97725	4.18806	19.9388	15.0864	R0.00220656	19.5298	15.8203	-1.92164	4.40193	0.0580214	0.0861228	0.503128	0.230417
19.4769	15.982	-2.11209	4.14363	19.4748	16.0098	L4.43976e-05	19.4307	16.039	-2.04114	4.3469	0.057932	0.0859196	0.501052	0.230203
19.3771	16.1879	-2.18346	4.11341	19.1556	16.0022	R0.0178158	19.3257	16.2549	-2.15925	4.28868	0.0578806	0.0857793	0.498965	0.229799
19.268	16.3652	-2.28139	4.00453	19.238	16.2719	L0.000432661	19.2148	16.4679	-2.27586	4.22731	0.0578437	0.085933	0.496899	0.229742
19.1528	16.5589	-2.39306	3.92633	19.4007	16.2962	R0.000218607	19.0981	16.6777	-2.39087	4.16284	0.0578187	0.0862526	0.494858	0.229798
19.0178	16.7757	-2.53638	3.8932	19.0029	16.8387	L0.000252938	18.9757	16.8841	-2.50418	4.0953	0.0577077	0.0864563	0.492851	0.229586
18.8615	16.968	-2.76309	3.74651	18.8373	17.7112	R0.065576	18.8477	17.0872	-2.61571	4.02476	0.057488	0.0867691	0.491038	0.23002
18.6791	17.2147	-2.98427	3.75394	18.6148	17.3832	L0.00204032	18.7142	17.2866	-2.72534	3.95127	0.0573435	0.0866597	0.489618	0.229777
18.5776	17.417	-2.92158	3.77936	18.8177	17.0316	R0.0820742	18.5752	17.4822	-2.83299	3.87489	0.0571159	0.0865104	0.487735	0.229022
18.3578	17.6162	-3.16008	3.70518	18.1023	17.5529	L0.00312873	18.4309	17.674	-2.93858	3.79568	0.0572591	0.0863216	0.486209	0.228259
18.2212	17.8079	-3.17023	3.68466	18.2749	17.4877	R0.0293859	18.2814	17.8617	-3.042	3.71372	0.0572831	0.0861153	0.484438	0.227381
18.0907	17.9918	-3.21089	3.60865	18.2094	18.0461	L0.000702583	18.1268	18.0453	-3.14318	3.62906	0.0571489	0.0859099	0.482594	0.226505
17.9158	18.1462	-3.34365	3.45145	18.3021	17.498	R0.0144806	17.9671	18.2246	-3.24204	3.5418	0.0571063	0.0858547	0.480817	0.225771
17.7901	18.2826	-3.34439	3.30763	17.9018	18.2183	L0.00108531	17.8026	18.3994	-3.3385	3.45199	0.0568985	0.0861336	0.478978	0.225261
17.6592	18.4612	-3.3519	3.26542	18.8558	18.1364	R0.0467209	17.6334	18.5697	-3.43247	3.35973	0.056727	0.0863247	0.477212	0.224556
17.4587	18.6484	-3.49922	3.22014	17.3845	18.7039	L0.000572471	17.4595	18.7353	-3.5239	3.26509	0.0565134	0.0863295	0.475419	0.223744
17.2799	18.7883	-3.59	3.08251	17.7945	18.0801	R0.00537515	17.281	18.8962	-3.61271	3.16817	0.0563022	0.0865104	0.473646	0.223031
17.121	18.9223	-3.62318	2.95931	17.1762	18.8863	L0.00028783	17.0983	19.0521	-3.69883	3.06904	0.0561273	0.0869105	0.471934	0.222404
16.9536	19.0926	-3.6679	2.92175	16.9398	19.7311	R0.0275152	16.9113	19.203	-3.78221	2.9678	0.0560385	0.087106	0.470298	0.22162
16.7349	19.2099	-3.7908	2.77712	16.5734	19.052	L0.00192673	16.7201	19.3488	-3.86278	2.86455	0.0558479	0.0875946	0.468618	0.220936
16.5434	19.3647	-3.87692	2.7022	16.1674	20.2201	R0.0177179	16.5251	19.4894	-3.9405	2.75938	0.0556671	0.0879191	0.466949	0.220187
16.3115	19.5316	-4.0243	2.65426	16.2338	19.6171	L0.000883697	16.3262	19.6246	-4.01531	2.65237	0.0554806	0.0879567	0.465267	0.219394
16.0898	19.6143	-4.12889	2.437	16.4366	18.2742	R0.0769916	16.1237	19.7545	-4.08716	2.54364	0.0553561	0.0884394	0.463615	0.218795
15.8824	19.7597	-4.20446	2.36798	15.9243	19.8703	L0.000565393	15.9176	19.8789	-4.15602	2.43329	0.0552392	0.0886955	0.461986	0.218087
15.6959	19.8824	-4.17838	2.3184	16.2328	19.2166	R0.0257197	15.7082	19.9978	-4.22185	2.32141	0.0550541	0.0889118	0.460371	0.217318
15.4592	20.0395	-4.29835	2.28595	15.4332	20.1836	L0.00115692	15.4956	20.111	-4.28461	2.2081	0.0549455	0.0888022	0.45876	0.216654
15.2436	20.1845	-4.35196	2.25297	14.3677	21.3406	R0.0233219	15.2799	20.2185	-4.34427	2.09347	0.0548379	0.0885386	0.457165	0.21631
15.0589	20.3125	-4.34946	2.18448	15.2016	20.4385	L0.00140452	15.0613	20.3203	-4.4008	1.97763	0.0546488	0.0882352	0.455606	0.216246
14.8278	20.3961	-4.42614	2.02468	14.7476	19.9571	R0.0207645	14.84	20.4162	-4.4542	1.86068	0.0544707	0.0879482	0.454049	0.215931
14.6129	20.5142	-4.46734	1.95239	14.6665	20.6088	L0.000449604	14.6161	20.5063	-4.50443	1.74272	0.0542858	0.087651	0.452512	0.215889
14.3731	20.6039	-4.56033	1.8069	13.841	21.0031	R0.00624601	14.3897	20.5904	-4.55149	1.62386	0.0541193	0.0873613	0.450981	0.215684
14.1274	20.6773	-4.62867	1.66501	14.0521	20.5924	L0.000490078	14.1611	20.6686	-4.59537	1.50421	0.0540078	0.0870706	0.449474	0.215362
13.8879	20.7505	-4.69816	1.51059	13.8232	20.859	R0.00449005	13.9304	20.7408	-4.63606	1.38386	0.0539389	0.0867835	0.448002	0.214892
13.6115	20.8156	-4.80585	1.36686	13.4686	20.7253	L0.0012083	13.6977	20.807	-4.67357	1.26294	0.054216	0.0864986	0.446645	0.214346
13.3601	20.8488	-4.88775	1.12442	13.8263	20.4261	R0.0267079	13.4632	20.8671	-4.70789	1.14153	0.0546813	0.0862262	0.445413	0.213645
13.1179	20.8875	-4.9067	0.959038	13.1072	20.8294	L0.000147008	13.2271	20.9211	-4.73904	1.01975	0.0552127	0.0859868	0.444162	0.213002
12.8846	20.9466	-4.91324	0.84935	13.2669	21.1579	R0.015706	12.9895	20.969	-4.76702	0.897694	0.0556794	0.0857262	0.442874	0.212345
12.6951	20.9846	-4.83466	0.716206	12.8729	21.0592	L0.00175446	12.7506	21.0108	-4.79186	0.775469	0.0556782	0.0854751	0.441456	0.211712
12.4386	21.0271	-4.88947	0.58673	11.5171	21.6724	R0.00151485	12.5106	21.0465	-4.81358	0.653175	0.0557973	0.0852149	0.440081	0.2111
12.1934	21.0636	-4.90977	0.465797	12.2062	21.11	L9.26933e-05	12.2695	21.0761	-4.83219	0.530912	0.0559498	0.084949	0.438721	0.210491
11.9541	21.0836	-4.92077	0.31344	12.3859	21.1066	R0.0063097	12.0276	21.0996	-4.84773	0.408778	0.0560782	0.0846893	0.437369	0.20996
11.7161	21.0523	-4.89305	0.0963128	11.6814	20.8651	L0.00149276	11.785	21.117	-4.86022	0.286869	0.0561674	0.0845785	0.435999	0.209844
11.4684	21.039	-4.89473	-0.077316	11.5265	20.6748	R0.00910287	11.5418	21.1283	-4.86971	0.165281	0.0562915	0.0846087	0.434639	0.210065
11.259	21.0298	-4.82685	-0.221738	11.363	21.0688	L0.000613186	11.2982	21.1335	-4.87623	0.0441057	0.0562016	0.0847409	0.433305	0.210457
11.0032	20.9918	-4.83574	-0.412836	10.5558	20.5567	R0.0369972	11.0544	21.1327	-4.87982	-0.076565	0.0561724	0.0852013	0.431979	0.211463
10.7994	20.9515	-4.74551	-0.582672	10.8903	20.927	L0.000585923	10.8105	21.1259	-4.88053	-0.196643	0.0560065	0.0860308	0.430782	0.212971
10.5543	20.9481	-4.70765	-0.61937	9.30535	21.3896	R0.0256573	10.5666	21.1131	-4.8784	-0.31604	0.0558438	0.0867298	0.429674	0.213637
10.2648	20.9788	-4.81599	-0.643752	10.189	21.209	L0.00316133	10.3229	21.0943	-4.87349	-0.434674	0.055858	0.0869332	0.428393	0.21361
10.0275	20.9595	-4.79339	-0.738464	9.97958	21.2932	R0.00912337	10.0795	21.0697	-4.86585	-0.552463	0.0558357	0.0870916	0.427138	0.213454
9.84225	20.9177	-4.6736	-0.868626	9.99634	20.9797	L0.00139279	9.83658	21.0391	-4.85554	-0.669327	0.05567	0.0873375	0.426089	0.213372
9.61587	20.9051	-4.60366	-0.870619	9.38223	21.111	R0.0318694	9.59422	21.0028	-4.84262	-0.785189	0.0555292	0.0874028	0.425219	0.212839
9.42805	20.8525	-4.50186	-0.996224	9.53921	20.8762	L0.000729623	9.35258	20.9607	-4.82714	-0.899977	0.0556682	0.0875403	0.424697	0.212337
9.21315	20.8084	-4.46536	-1.10118	9.63392	20.9724	R0.0104492	9.11177	20.9128	-4.80919	-1.01362	0.0560462	0.0876493	0.424267	0.211818
8.90524	20.7818	-4.60595	-1.15991	8.70331	20.8221	L0.00284638	8.87192	20.8594	-4.78881	-1.12605	0.0559402	0.087594	0.423255	0.211214
8.69592	20.7011	-4.5354	-1.31464	9.84634	20.009	R0.00319087	8.63315	20.8003	-4.76608	-1.2372	0.0559823	0.0876661	0.422389	0.210682
8.40858	20.6205	-4.61014	-1.44851	8.22277	20.4839	L0.00238042	8.39557	20.7358	-4.74108	-1.34701	0.055829	0.0878505	0.421285	0.210214
8.18052	20.5406	-4.57402	-1.58058	8.29647	20.4978	R0.00056957	8.1593	20.6657	-4.71387	-1.45542	0.0556916	0.0881102	0.420206	0.209823
7.93416	20.4613	-4.5695	-1.68997	7.88599	20.45	L0.000142224	7.92445	20.5903	-4.68453	-1.56237	0.0555371	0.0883976	0.419094	0.209445
7.71791	20.3756	-4.52697	-1.83812	8.29081	20.6565	R0.0262097	7.69111	20.5096	-4.65313	-1.66781	0.055416	0.088723	0.41801	0.209243
7.39507	20.3194	-4.68222	-1.88093	7.18029	20.392	L0.0036229	7.45939	20.4237	-4.61975	-1.7717	0.0554703	0.0888181	0.416854	0.208813
7.16079	20.2241	-4.63195	-1.97421	7.09214	20.1196	R0.00228524	7.22939	20.3326	-4.58448	-1.87399	0.0555527	0.0889402	0.415696	0.208361
6.89284	20.1409	-4.66468	-2.04776	6.81542	20.1859	L0.000567383	7.00119	20.2364	-4.54738	-1.97462	0.0559861	0.088978	0.414626	0.20785
6.6668	20.0501	-4.60231	-2.10858	6.89359	20.1536	R0.00587814	6.7749	20.1352	-4.50854	-2.07357	0.0564087	0.0889568	0.413532	0.207288
6.4194	19.9578	-4.597	-2.18179	6.38914	20.0137	L0.000231846	6.55059	20.0292	-4.46805	-2.17079	0.0570916	0.088869	0.412499	0.206717
6.20281	19.8647	-4.53267	-2.24941	6.67637	20.2142	R0.023635	6.32834	19.9183	-4.42598	-2.26625	0.0576899	0.0887134	0.411441	0.206152
5.93808	19.7705	-4.56857	-2.30757	5.86119	19.8306	L0.000655656	6.10823	19.8027	-4.38241	-2.35993	0.058891	0.0885026	0.410546	0.205624
5.70102	19.6268	-4.54728	-2.49666	5.28178	19.5036	R0.0194084	5.89034	19.6824	-4.33744	-2.45178	0.0603662	0.0883571	0.409721	0.205091
5.53691	19.5017	-4.37074	-2.59515	5.69089	19.5755	L0.00160302	5.67472	19.5577	-4.29114	-2.5418	0.0610495	0.0882138	0.408654	0.204574
5.33456	19.3532	-4.27835	-2.7321	5.9506	18.9859	R0.00424683	5.46145	19.4284	-4.24359	-2.62995	0.061592	0.088149	0.407562	0.204161
5.12593	19.2507	-4.22303	-2.77023	5.17021	19.4397	L0.00141591	5.25059	19.2948	-4.19488	-2.71622	0.0620998	0.0879723	0.406476	0.203652
4.94152	19.1382	-4.10263	-2.77304	5.87397	19.301	R0.0308407	5.04219	19.157	-4.1451	-2.80059	0.0623681	0.0877487	0.405405	0.20312
4.78603	18.9878	-3.94224	-2.87793	4.89149	18.982	L0.000784453	4.8363	19.015	-4.09432	-2.88305	0.0623102	0.0875386	0.404482	0.202582
4.57404	18.8378	-3.92079	-3.00739	3.98679	19.0452	R0.0050161	4.63297	18.8689	-4.04263	-2.96359	0.0622929	0.087337	0.403513	0.202073
4.40066	18.7064	-3.81826	-3.06256	4.4685	18.834	L0.000808831	4.43224	18.7188	-3.99012	-3.0422	0.0621717	0.0871127	0.402648	0.201549
4.22573	18.5634	-3.70703	-3.08691	4.69245	18.4634	R0.00815204	4.23416	18.5648	-3.93685	-3.11888	0.0620125	0.0868856	0.40194	0.201037
4.10748	18.4103	-3.50874	-3.16217	4.26269	18.481	L0.00168401	4.03876	18.4071	-3.88293	-3.19362	0.0620492	0.0866605	0.401801	0.200528
3.91469	18.2381	-3.51047	-3.37838	3.42434	18.8357	R0.0685747	3.84606	18.2457	-3.82841	-3.26644	0.0620848	0.0864386	0.401414	0.200172
3.64962	18.095	-3.62465	-3.41783	3.45919	18.167	L0.00296194	3.65611	18.0807	-3.77339	-3.33732	0.0619272	0.0862228	0.400525	0.199741
3.49351	17.9448	-3.48894	-3.40117	4.3011	17.9267	R0.0198345	3.46891	17.9122	-3.71795	-3.40627	0.061794	0.0860341	0.399837	0.199231
3.2605	17.7767	-3.53915	-3.4676	3.12525	17.7493	L0.00126085	3.28449	17.7402	-3.66215	-3.47331	0.0616607	0.0858549	0.398917	0.198725
3.07444	17.5933	-3.50295	-3.61664	2.65664	17.888	R0.017848	3.10287	17.565	-3.60609	-3.53844	0.0615379	0.0856614	0.397976	0.198301
2.90041	17.475	-3.45202	-3.58633	2.9449	17.8154	L0.00441435	2.92405	17.3866	-3.54982	-3.60167	0.061406	0.0856753	0.397035	0.197805
2.7503	17.2596	-3.33979	-3.79821	3.26647	17.0897	R0.0295066	2.74805	17.2051	-3.49344	-3.66302	0.0612525	0.0855478	0.39619	0.197541
2.57487	17.072	-3.27759	-3.86605	2.55407	17.0853	L4.20405e-05	2.57486	17.0205	-3.437	-3.72251	0.0610999	0.0854121	0.395363	0.197309
2.41591	16.9068	-3.17298	-3.79681	2.55039	16.8884	R0.0336239	2.4045	16.833	-3.38059	-3.78014	0.0609538	0.0853584	0.394654	0.196824
2.25376	16.7347	-3.1118	-3.83182	2.25371	16.8334	L0.000374653	2.23695	16.6427	-3.32428	-3.83595	0.0608149	0.0853922	0.393963	0.196339
2.08098	16.5385	-3.05847	-3.84514	1.57735	16.0489	R0.0360723	2.07221	16.4497	-3.26812	-3.88995	0.0606688	0.0854095	0.39327	0.195882
1.92395	16.3082	-2.98199	-3.96262	1.88972	16.1054	L0.00157158	1.91027	16.254	-3.21219	-3.94216	0.0605282	0.0852853	0.392639	0.195409
1.7736	16.1322	-2.90546	-3.92995	1.74362	16.2687	R0.0143802	1.75112	16.0557	-3.15656	-3.99261	0.0604014	0.0852449	0.392076	0.194983
1.56732	15.9632	-2.97314	-3.93637	1.44745	16.0853	L0.00177463	1.59474	15.8549	-3.10129	-4.04132	0.0602855	0.0853714	0.391229	0.194648
1.43383	15.7322	-2.87816	-4.12007	1.6097	15.5526	R0.0287288	1.44111	15.6517	-3.04644	-4.08832	0.0601425	0.0853485	0.390462	0.194192
1.25921	15.5125	-2.86649	-4.19278	1.18395	15.4284	L0.000619165	1.29021	15.4463	-2.99207	-4.13364	0.0600367	0.0852672	0.389623	0.19377
1.1038	15.3199	-2.82159	-4.18848	0.828993	15.528	R0.00747898	1.14201	15.2386	-2.93825	-4.1773	0.0599516	0.0852488	0.388778	0.19331
0.88811	15.0986	-2.91237	-4.24933	0.722706	15.0075	L0.00218932	0.996486	15.0288	-2.88503	-4.21933	0.0602729	0.0851824	0.38786	0.192862
0.748105	14.9195	-2.83642	-4.17299	1.03147	15.2134	R0.0311551	0.853604	14.8169	-2.83246	-4.25977	0.0605656	0.0852731	0.386944	0.192499
0.650004	14.7071	-2.68069	-4.2215	0.737301	14.7047	L0.000560355	0.71333	14.603	-2.78061	-4.29864	0.0605788	0.0853713	0.386096	0.192119
0.532725	14.4657	-2.57853	-4.3736	0.722177	14.2445	R0.0221776	0.575628	14.3872	-2.72952	-4.33598	0.0605083	0.0853406	0.385331	0.191687
0.356845	14.2416	-2.60942	-4.42506	0.253435	14.2029	L0.000815728	0.440459	14.1696	-2.67925	-4.37181	0.0606361	0.0852836	0.384463	0.191275
0.224196	13.9883	-2.54397	-4.61677	-0.0328023	13.9604	R0.0364281	0.307779	13.9502	-2.62984	-4.40617	0.0607623	0.0851254	0.383617	0.191369
0.21713	13.7421	-2.19154	-4.67385	0.459172	13.6856	L0.00448637	0.177545	13.7292	-2.58135	-4.43909	0.0606817	0.0849335	0.383645	0.191592
0.107594	13.4985	-2.10295	-4.78324	0.0524412	13.6377	R0.00987671	0.0497099	13.5065	-2.53381	-4.47061	0.0606691	0.0847402	0.383875	0.192321
-0.0590959	13.2643	-2.15096	-4.82289	-0.190344	13.2856	L0.00129627	-0.0757753	13.2823	-2.48728	-4.50075	0.060541	0.0845552	0.383671	0.193112
-0.175543	13.0476	-2.0878	-4.75506	-0.275043	13.1456	R0.0193875	-0.198962	13.0566	-2.44179	-4.52955	0.0604238	0.084365	0.383542	0.193272
-0.172548	12.8262	-1.77119	-4.75434	0.0462308	12.9301	L0.00388177	-0.319903	12.8295	-2.39739	-4.55704	0.0610964	0.0841743	0.384984	0.19329
-0.286108	12.6016	-1.73246	-4.69118	-0.684792	12.3563	R0.0247772	-0.438654	12.6011	-2.35412	-4.58326	0.0618124	0.0839845	0.386376	0.19299
-0.404805	12.3663	-1.71846	-4.72739	-0.476482	12.3633	L0.000373574	-0.555273	12.3714	-2.31202	-4.60823	0.0624914	0.0837966	0.387552	0.192722
-0.521945	12.1585	-1.71111	-4.67233	-0.972122	12.5207	R0.0255592	-0.669818	12.1404	-2.27111	-4.63198	0.0631297	0.0836181	0.388492	0.192311
-0.598215	11.942	-1.61944	-4.67362	-0.582624	12.0386	L0.000362876	-0.78235	11.9083	-2.23144	-4.65456	0.0641742	0.0834623	0.389769	0.191887
-0.719183	11.7133	-1.63394	-4.66994	-1.26757	11.6495	R0.00227213	-0.892931	11.6751	-2.19304	-4.67598	0.0650668	0.0833162	0.39068	0.191462
-0.917679	11.4662	-1.82586	-4.71519	-1.17212	11.3988	L0.004766	-1.00163	11.4409	-2.15594	-4.69628	0.065162	0.0831494	0.390434	0.191044
-1.01269	11.2431	-1.78139	-4.63065	-0.891441	10.959	R0.0310776	-1.1085	11.2057	-2.12017	-4.71549	0.0653279	0.083004	0.390222	0.190708
-1.19192	11.0143	-1.93399	-4.643	-1.39289	11.0424	L0.00282446	-1.21362	10.9695	-2.08575	-4.73364	0.0652008	0.0828755	0.389498	0.190385
-1.27461	10.768	-1.8537	-4.75308	-1.29894	10.9012	R0.0177478	-1.31706	10.7324	-2.05273	-4.75075	0.0651192	0.0827284	0.388872	0.189971
-1.40772	10.5118	-1.89787	-4.80057	-1.49687	10.4198	L0.00089376	-1.41889	10.4945	-2.02111	-4.76686	0.0649822	0.0825569	0.388114	0.189572
-1.50044	10.2478	-1.84116	-4.90445	-1.59293	10.0212	R0.0150198	-1.51917	10.2559	-1.99093	-4.78198	0.0648537	0.0823805	0.387402	0.189334
-1.59617	10.0386	-1.80453	-4.86829	-1.61875	10.2374	L0.00148684	-1.61797	10.0165	-1.96221	-4.79615	0.0647301	0.0822163	0.386707	0.188986
-1.68237	9.81069	-1.75328	-4.83172	-1.59702	9.96554	R0.00601665	-1.71539	9.77637	-1.93498	-4.80939	0.0646277	0.0820711	0.386063	0.188588
-1.75552	9.59231	-1.67691	-4.81165	-1.73381	9.71347	L0.000604103	-1.81147	9.53564	-1.90924	-4.82172	0.0645932	0.0819797	0.385539	0.188187
-1.87043	9.33793	-1.69685	-4.89716	-2.27191	9.37316	R0.00720558	-1.90631	9.29431	-1.88502	-4.83316	0.0644986	0.0818551	0.384916	0.187834
-1.95672	9.04247	-1.65092	-4.99137	-1.93833	8.77028	L0.00278369	-1.99998	9.05243	-1.86233	-4.84374	0.0644237	0.0816847	0.384348	0.187683
-2.03878	8.8225	-1.61457	-4.90702	-1.96565	9.13274	R0.0224899	-2.09256	8.81003	-1.8412	-4.85347	0.0643826	0.081517	0.383821	0.18732
-2.13646	8.56985	-1.61058	-4.93531	-2.1768	8.5411	L0.000147212	-2.18412	8.56717	-1.82164	-4.86238	0.0643217	0.0813464	0.383261	0.186987
-2.26764	8.31353	-1.68881	-4.96229	-2.65862	8.19477	R0.000442753	-2.27474	8.32388	-1.80365	-4.87047	0.0641892	0.0811795	0.382533	0.186692
-2.31087	8.08343	-1.55891	-4.94117	-2.21875	8.15339	L0.00078658	-2.3645	8.0802	-1.78726	-4.87778	0.064149	0.0810112	0.382022	0.186349
-2.36828	7.87462	-1.47854	-4.87186	-2.273	8.52315	R0.0400544	-2.45348	7.83617	-1.77248	-4.8843	0.0642502	0.0808814	0.3817	0.185965
-2.48511	7.62141	-1.53683	-4.90783	-2.59674	7.60288	L0.000784473	-2.54177	7.59184	-1.75931	-4.89006	0.0642208	0.0807371	0.381181	0.185585
-2.64486	7.38669	-1.71321	-4.82701	-3.08256	7.38874	R0.0395404	-2.62944	7.34723	-1.74777	-4.89507	0.0640967	0.0806111	0.380406	0.185256
-2.75119	7.12966	-1.74211	-4.86138	-2.79865	7.064	L0.000337836	-2.71658	7.10238	-1.73786	-4.89933	0.0640039	0.0804653	0.379629	0.184893
-2.81167	6.89701	-1.65084	-4.88143	-2.79412	7.20818	R0.0117262	-2.80326	6.85734	-1.72958	-4.90286	0.063876	0.0803414	0.378889	0.184522
-2.8484	6.69476	-1.52353	-4.81215	-2.74651	6.86867	L0.00200072	-2.88957	6.61214	-1.72295	-4.90566	0.0638003	0.0803508	0.378334	0.184244
-2.90405	6.47896	-1.47517	-4.70286	-2.57673	6.36755	R0.0242287	-2.97559	6.36681	-1.71797	-4.90774	0.0638334	0.0805042	0.377886	0.184332
-2.95957	6.24438	-1.41303	-4.70385	-2.90217	6.22989	L0.000170781	-3.0614	6.12139	-1.71464	-4.90911	0.0640311	0.0807196	0.37761	0.184421
-3.08095	5.99414	-1.49704	-4.7637	-3.50172	6.10796	R0.00910292	-3.14709	5.87592	-1.71297	-4.90976	0.0640397	0.0809042	0.377101	0.184283
-3.16937	5.71587	-1.50998	-4.8398	-3.1778	5.53101	L0.00141271	-3.23274	5.63043	-1.71295	-4.9097	0.064037	0.0809227	0.376568	0.183969
-3.2786	5.46887	-1.59809	-4.79941	-3.19736	5.19093	R0.0266407	-3.31843	5.38496	-1.71458	-4.90893	0.0639591	0.0809348	0.375891	0.183733
-3.37904	5.20424	-1.63634	-4.85008	-3.43031	5.10507	L0.000596077	-3.40424	5.13955	-1.71787	-4.90745	0.0638522	0.080877	0.375183	0.183405
-3.4476	4.95881	-1.58467	-4.87568	-3.4281	4.94644	R0.0030625	-3.49026	4.89422	-1.72281	-4.90525	0.0637826	0.0808193	0.374544	0.183053
-3.5685	4.67391	-1.66943	-4.96463	-3.69435	4.52196	L0.00191179	-3.57657	4.64902	-1.72939	-4.90233	0.0636594	0.0806758	0.373827	0.182735
-3.6795	4.41966	-1.76461	-4.93122	-3.50501	4.17643	R0.0275342	-3.66325	4.40398	-1.73763	-4.89868	0.0635431	0.080524	0.3731	0.18239
-3.81763	4.14213	-1.87952	-5.00212	-4.00238	4.04684	L0.00204991	-3.75039	4.15913	-1.74749	-4.8943	0.0635579	0.0803742	0.372465	0.182159
-3.89673	3.90297	-1.82176	-5.00348	-4.06447	4.10977	R0.0121913	-3.83806	3.91452	-1.75899	-4.88918	0.0635397	0.0802215	0.371763	0.181944
-3.96576	3.67461	-1.77133	-4.95512	-3.88053	3.75177	L0.000607378	-3.92635	3.67019	-1.77212	-4.8833	0.0634641	0.080067	0.371044	0.181648
-4.06354	3.47401	-1.8173	-4.8388	-4.23729	3.88878	R0.0317196	-4.01533	3.42616	-1.78686	-4.87666	0.0634125	0.0799679	0.370335	0.181313
-4.15425	3.22991	-1.82173	-4.84142	-4.15119	3.21968	L4.66198e-06	-4.10509	3.18248	-1.8032	-4.86925	0.063364	0.0798685	0.369627	0.180974
-4.27252	2.97179	-1.91444	-4.8594	-4.27467	2.88187	R0.00870826	-4.19571	2.93919	-1.82113	-4.86104	0.0634207	0.0797414	0.368966	0.180628
-4.36422	2.69482	-1.9205	-4.92158	-4.32451	2.55034	L0.00093751	-4.28727	2.69633	-1.84065	-4.85202	0.0634776	0.0795897	0.368296	0.180335
-4.45065	2.44602	-1.89641	-4.92722	-4.38481	2.39989	R0.00234864	-4.37985	2.45393	-1.86173	-4.84218	0.063507	0.0794403	0.367604	0.18007
-4.55703	2.17797	-1.92562	-4.97488	-4.61223	2.09192	L0.000449332	-4.47352	2.21205	-1.88436	-4.83149	0.0635943	0.0793179	0.366919	0.179945
-4.6663	1.94643	-2.03263	-4.91335	-4.29257	1.92854	R0.0377587	-4.56836	1.97072	-1.90853	-4.81994	0.0637581	0.0791827	0.366308	0.179698
-4.78404	1.66782	-2.08	-4.98302	-4.86829	1.53442	L0.00104739	-4.66444	1.72998	-1.93422	-4.80751	0.0640581	0.0791258	0.36573	0.179682
-4.90833	1.41565	-2.1722	-4.98122	-4.98165	1.43611	R0.0088149	-4.76186	1.48989	-1.9614	-4.79417	0.0645615	0.0791081	0.365274	0.179711
-4.96462	1.18917	-2.1015	-4.90529	-4.66779	1.28643	L0.00363465	-4.86066	1.25049	-1.99007	-4.7799	0.0647523	0.0790494	0.364658	0.179539
-5.05811	0.978467	-2.08819	-4.81802	-4.98594	1.10894	R0.00213536	-4.96095	1.01182	-2.02019	-4.76468	0.0649022	0.078929	0.364005	0.179236
-5.11673	0.752451	-2.03143	-4.76271	-4.85498	0.825661	L0.0027177	-5.06277	0.77393	-2.05174	-4.74848	0.0648652	0.078794	0.363335	0.178907
-5.21372	0.449485	-2.05625	-4.90151	-4.84736	0.18101	R0.0177039	-5.16621	0.536876	-2.08471	-4.73127	0.06481	0.0788273	0.362671	0.178876
-5.28762	0.212543	-2.02504	-4.86924	-5.1231	0.257311	L0.00106742	-5.27133	0.300706	-2.11906	-4.71303	0.0646987	0.0788636	0.362051	0.178798
-5.39697	-0.0186032	-2.00601	-4.8298	-5.99809	-0.290765	R1.15153	-5.3782	0.0654719	-2.15477	-4.69374	0.0645904	0.0788832	0.361501	0.17866
-5.46732	-0.253111	-1.96926	-4.80387	-5.29972	-0.212982	L0.00109446	-5.4869	-0.168772	-2.1918	-4.67335	0.0644837	0.0789037	0.361093	0.178509
-5.58628	-0.429147	-2.05345	-4.6664	-5.64447	-0.144522	R0.00196893	-5.59748	-0.401971	-2.23014	-4.65185	0.0643703	0.0787776	0.360595	0.178187
-5.7208	-0.609215	-2.13778	-4.54531	-5.85359	-0.445801	L0.00214688	-5.71001	-0.634069	-2.26974	-4.62919	0.0642573	0.0786495	0.360031	0.177937
-5.83594	-0.843374	-2.25824	-4.57949	-5.30947	-0.724468	R0.0560956	-5.82456	-0.865006	-2.31058	-4.60536	0.0641452	0.0785186	0.359396	0.177623
-5.93257	-1.11733	-2.24611	-4.6638	-5.87835	-1.26863	L0.00128215	-5.94118	-1.09472	-2.35262	-4.58032	0.0640323	0.0783895	0.358808	0.177375
-6.0222	-1.38976	-2.22215	-4.74012	-5.68069	-1.52871	R0.00913192	-6.05993	-1.32316	-2.39581	-4.55404	0.0639576	0.0783505	0.358317	0.177407
-6.16043	-1.59617	-2.30299	-4.66236	-6.27263	-1.50938	L0.000953349	-6.18087	-1.55025	-2.44014	-4.52648	0.0638553	0.078259	0.357773	0.177276
-6.30311	-1.8425	-2.4785	-4.72422	-6.11355	-1.75966	R0.0540287	-6.30406	-1.77593	-2.48555	-4.49762	0.063742	0.0782206	0.357138	0.177476
-6.41065	-2.09441	-2.47757	-4.74346	-6.34007	-2.13685	L0.000322049	-6.42954	-2.00014	-2.532	-4.46742	0.0636392	0.0782831	0.356521	0.17792
-6.56071	-2.2962	-2.55422	-4.63643	-6.99344	-2.17445	R0.0145092	-6.55738	-2.22281	-2.57946	-4.43585	0.0635274	0.0782664	0.355896	0.178005
-6.71062	-2.50449	-2.63766	-4.56166	-6.79288	-2.4458	L0.000513818	-6.68761	-2.44386	-2.62788	-4.40288	0.0634305	0.0782115	0.355272	0.177941
-6.86561	-2.71901	-2.73348	-4.51177	-7.14408	-2.67584	R0.00749932	-6.82029	-2.66323	-2.6772	-4.36847	0.0633761	0.0781443	0.354666	0.177832
-6.95959	-2.98972	-2.68005	-4.59537	-6.8003	-3.10086	L0.00196177	-6.95546	-2.88084	-2.7274	-4.3326	0.0632661	0.0782723	0.354058	0.178198
-7.08802	-3.2122	-2.67831	-4.5432	-7.13937	-3.22028	R0.00436799	-7.09316	-3.09663	-2.7784	-4.29523	0.0631569	0.0784325	0.353492	0.178487
-7.21285	-3.40255	-2.71156	-4.44886	-7.12118	-3.26434	L0.00111921	-7.23344	-3.3105	-2.83017	-4.25632	0.0630592	0.0784837	0.352949	0.178538
-7.35908	-3.65363	-2.74824	-4.48376	-7.77186	-4.08999	R0.0324876	-7.37632	-3.5224	-2.88265	-4.21586	0.0629585	0.0787263	0.352428	0.178923
-7.51716	-3.78471	-2.85561	-4.26352	-7.49009	-3.49081	L0.00443267	-7.52184	-3.73223	-2.93579	-4.1738	0.0628508	0.0786512	0.351854	0.178692
-7.66169	-3.99478	-2.91947	-4.2443	-7.52393	-3.88213	R0.00442156	-7.67004	-3.93992	-2.98953	-4.13012	0.062745	0.078582	0.351275	0.178511
-7.8168	-4.22418	-2.9696	-4.24946	-7.88049	-4.29783	L0.000367873	-7.82094	-4.14538	-3.04381	-4.08479	0.0626383	0.0785827	0.350701	0.178466
-7.96788	-4.44316	-3.00637	-4.23119	-8.08524	-4.57834	R0.00284624	-7.97457	-4.34854	-3.09857	-4.03778	0.0625329	0.0786428	0.350146	0.178519
-8.13049	-4.68275	-3.05576	-4.25746	-8.22492	-4.79812	L0.000869951	-8.13095	-4.5493	-3.15376	-3.98906	0.0624268	0.0788929	0.349598	0.1789
-8.27044	-4.88056	-2.99967	-4.14842	-8.453	-4.95621	R0.0315266	-8.2901	-4.74759	-3.2093	-3.93862	0.0623318	0.0791378	0.34922	0.179013
-8.40289	-5.09749	-2.99856	-4.1494	-8.33552	-5.1059	L0.00022513	-8.45204	-4.94331	-3.26514	-3.88641	0.0622921	0.0795095	0.348975	0.179362
-8.55012	-5.25789	-2.9936	-3.99445	-8.55062	-4.79248	R0.022162	-8.61678	-5.13637	-3.32121	-3.83242	0.0623073	0.0796875	0.348905	0.179307
-8.73912	-5.45733	-3.09546	-3.95647	-8.91477	-5.51752	L0.00134754	-8.78433	-5.32669	-3.37745	-3.77663	0.0622579	0.0799121	0.348703	0.179308
-8.89941	-5.65256	-3.13263	-3.91631	-9.04115	-5.69364	R0.00216507	-8.95469	-5.51417	-3.43377	-3.71901	0.062236	0.0801779	0.348555	0.179371
-9.05522	-5.83778	-3.16948	-3.86846	-9.03391	-5.80267	L7.01599e-05	-9.12788	-5.69872	-3.49012	-3.65955	0.0622735	0.0804449	0.348466	0.179478
-9.19493	-5.98783	-3.1421	-3.72764	-8.86897	-5.41973	R0.0500965	-9.30388	-5.88026	-3.54643	-3.59823	0.0624856	0.0805498	0.348666	0.179335
-9.36891	-6.08788	-3.22963	-3.52335	-9.30811	-5.82368	L0.00368733	-9.4827	-6.05868	-3.60261	-3.53503	0.062724	0.0804343	0.348749	0.17904
-9.54599	-6.27065	-3.30552	-3.50381	-9.80646	-6.41174	R0.0103787	-9.66432	-6.23389	-3.6586	-3.46994	0.0629874	0.0803295	0.348763	0.178756
-9.68587	-6.48022	-3.29036	-3.54527	-9.62547	-6.55958	L0.000671145	-9.84874	-6.4058	-3.71431	-3.40295	0.0635719	0.0803109	0.349036	0.178648
-9.90832	-6.64441	-3.48856	-3.50362	-10.6688	-6.35543	R0.0460869	-10.0359	-6.57431	-3.76969	-3.33404	0.0638859	0.0802796	0.348836	0.17862
-10.1115	-6.81173	-3.58249	-3.43448	-10.2246	-6.83402	L0.000564637	-10.2259	-6.73933	-3.82463	-3.26321	0.0641153	0.0802552	0.348541	0.178596
-10.2969	-6.97428	-3.6641	-3.38951	-10.2205	-6.71044	R0.00679959	-10.4186	-6.90075	-3.87907	-3.19046	0.0643855	0.0802343	0.34819	0.178666
-10.5278	-7.15925	-3.78752	-3.35141	-10.7616	-7.29159	L0.00269428	-10.614	-7.05849	-3.93293	-3.11577	0.064468	0.0803091	0.347725	0.17888
-10.7331	-7.30183	-3.87784	-3.2517	-10.8944	-6.83335	R0.00184752	-10.8121	-7.21245	-3.98613	-3.03916	0.0645202	0.0803401	0.347218	0.178999
-10.981	-7.46726	-4.01829	-3.17498	-11.2219	-7.56979	L0.00264773	-11.0128	-7.36252	-4.03859	-2.96062	0.0644416	0.0804304	0.346661	0.179124
-11.1684	-7.60596	-4.0142	-3.06129	-10.986	-7.3707	R0.0147523	-11.2161	-7.50862	-4.09021	-2.88015	0.0643949	0.0804903	0.346132	0.17913
-11.3181	-7.75896	-3.96838	-3.02996	-11.0934	-7.6776	L0.00226123	-11.422	-7.65064	-4.14093	-2.79777	0.0645598	0.0805945	0.345716	0.179325
-11.5124	-7.88537	-3.99641	-2.91809	-11.4213	-7.46085	R0.0116324	-11.6304	-7.78849	-4.19066	-2.71349	0.0648	0.0806516	0.345339	0.179411
-11.6911	-7.98886	-4.01048	-2.78735	-11.5269	-7.8215	L0.00209539	-11.8413	-7.92208	-4.23932	-2.6273	0.0652478	0.0806113	0.345032	0.179353
-11.8816	-8.10135	-3.97808	-2.6374	-11.9422	-7.88317	R0.0194666	-12.0546	-8.05131	-4.28682	-2.53924	0.0658672	0.0805329	0.344923	0.179154
-12.095	-8.19188	-4.0493	-2.48923	-12.09	-8.08828	L0.000651285	-12.2702	-8.17609	-4.33309	-2.44932	0.0664951	0.0804106	0.344747	0.178885
-12.3244	-8.32267	-4.22259	-2.48386	-12.4462	-8.02117	R0.0359836	-12.4881	-8.29633	-4.37802	-2.35756	0.0670221	0.0802977	0.344315	0.178744
-12.5279	-8.40383	-4.25669	-2.33295	-12.4231	-8.2599	L0.00130198	-12.7082	-8.41193	-4.42156	-2.26399	0.0676738	0.080173	0.343899	0.178505
-12.73	-8.49124	-4.22479	-2.17072	-12.7461	-8.19449	R0.0190809	-12.9304	-8.5228	-4.4636	-2.16863	0.068491	0.0800671	0.34362	0.178226
-13.0103	-8.58209	-4.3811	-2.02386	-13.2911	-8.64594	L0.0034676	-13.1547	-8.62886	-4.50407	-2.07151	0.0688575	0.0799849	0.343153	0.177968
-13.2614	-8.68415	-4.51542	-1.9529	-13.7929	-8.47158	R0.0225068	-13.381	-8.73002	-4.54289	-1.97267	0.0690731	0.0799015	0.342624	0.177695
-13.4832	-8.73138	-4.55024	-1.76579	-13.384	-8.57583	L0.00147634	-13.6092	-8.82619	-4.57997	-1.87214	0.0693217	0.0799519	0.342097	0.177518
-13.6931	-8.77581	-4.48215	-1.54983	-13.6376	-8.26344	R0.041377	-13.8392	-8.91729	-4.61524	-1.76997	0.0696891	0.0802144	0.341649	0.177666
-13.922	-8.88406	-4.52051	-1.51634	-13.9959	-8.99264	L0.000740623	-14.0709	-9.00324	-4.64861	-1.6662	0.0700703	0.0803633	0.341196	0.177587
-14.1789	-8.97438	-4.68949	-1.49055	-14.4737	-8.79552	R0.0398144	-14.3043	-9.08395	-4.68001	-1.56086	0.0703068	0.0804691	0.340673	0.177357
-14.405	-9.08523	-4.69986	-1.48017	-14.4273	-9.1875	L0.0006267	-14.5391	-9.15936	-4.70936	-1.45402	0.0705901	0.0804505	0.340152	0.177091
-14.6329	-9.15651	-4.68984	-1.37571	-14.5757	-9.32634	R0.00288081	-14.7754	-9.22939	-4.73658	-1.34573	0.07092	0.0804285	0.339643	0.176829
-14.9215	-9.15543	-4.81093	-1.11046	-15.062	-9.04396	L0.0023254	-15.013	-9.29397	-4.76161	-1.23603	0.0709916	0.0806686	0.339138	0.176696
-15.1821	-9.2276	-4.86816	-1.03668	-15.6189	-9.69365	R0.039368	-15.2517	-9.35302	-4.78436	-1.125	0.0709875	0.0808416	0.338655	0.176495
-15.4504	-9.34175	-4.92391	-1.05883	-15.6682	-9.56749	L0.00393211	-15.4916	-9.40649	-4.80476	-1.01269	0.0709163	0.0807978	0.338206	0.176246
-15.6896	-9.37328	-4.85769	-0.881334	-15.9382	-9.35751	R0.0266314	-15.7324	-9.45431	-4.82275	-0.899159	0.0708483	0.0807985	0.337702	0.175983
-15.9482	-9.45642	-4.89685	-0.859898	-16.0862	-9.59819	L0.00157531	-15.9741	-9.49642	-4.83827	-0.784484	0.0707561	0.0807069	0.33721	0.175768
-16.197	-9.46849	-4.88132	-0.677085	-16.6033	-8.85459	R0.00707593	-16.2164	-9.53277	-4.85124	-0.668734	0.070658	0.0806627	0.336709	0.175505
-16.4478	-9.46247	-4.90681	-0.48991	-16.4229	-9.37029	L0.00053588	-16.4594	-9.5633	-4.8616	-0.55198	0.0705553	0.0807304	0.336215	0.175275
-16.6607	-9.46691	-4.83337	-0.34499	-16.011	-9.33486	R0.0487273	-16.7027	-9.58797	-4.8693	-0.434301	0.0704876	0.0808803	0.33572	0.175082
-16.9469	-9.44973	-4.91027	-0.144851	-17.1132	-9.43043	L0.00140552	-16.9464	-9.60673	-4.87427	-0.315773	0.070383	0.0812117	0.335227	0.17507
-17.2011	-9.50689	-4.96893	-0.157421	-16.9255	-10.8571	R0.0331583	-17.1903	-9.61954	-4.87646	-0.196479	0.0702812	0.0813227	0.334769	0.174824
-17.4627	-9.52353	-4.99261	-0.0660486	-17.5448	-9.57485	L0.000349172	-17.4342	-9.62636	-4.87583	-0.0765024	0.0701945	0.0813945	0.334335	0.174567
-17.7192	-9.51462	-4.96922	0.0828681	-18.1371	-9.39146	R0.0130607	-17.6781	-9.62717	-4.87232	0.0440703	0.0701268	0.0815036	0.333884	0.174322
-17.9745	-9.48152	-4.97671	0.25472	-17.9724	-9.42299	L0.000236147	-17.9216	-9.62194	-4.86588	0.165151	0.0700823	0.0817385	0.333448	0.174134
-18.2156	-9.44775	-4.91651	0.422954	-18.3083	-9.18778	R0.00742571	-18.1648	-9.61064	-4.85648	0.286648	0.0700336	0.0820928	0.332976	0.174036
-18.4131	-9.49343	-4.8325	0.371867	-18.2763	-9.60997	L0.00228209	-18.4074	-9.59325	-4.84408	0.40847	0.0699321	0.08215	0.332491	0.173793
-18.6494	-9.48141	-4.85641	0.441924	-18.2443	-9.58547	R0.0145158	-18.6493	-9.56977	-4.82864	0.530522	0.0698304	0.0821688	0.332011	0.173606
-18.8991	-9.47014	-4.85767	0.520698	-18.9545	-9.51544	L0.000202792	-18.8904	-9.54017	-4.81012	0.652707	0.0697307	0.0821362	0.331539	0.1735
-19.129	-9.43284	-4.85464	0.626907	-18.6983	-9.02886	R0.0330006	-19.1305	-9.50447	-4.78851	0.774927	0.0696299	0.0821077	0.331079	0.173432
-19.378	-9.31166	-4.84482	0.919322	-19.2983	-9.09865	L0.00297545	-19.3694	-9.46265	-4.76378	0.897083	0.0695311	0.082389	0.33063	0.173186
-19.6092	-9.23946	-4.75843	1.09374	-19.7037	-8.79906	R0.0105747	-19.6069	-9.41472	-4.73591	1.01907	0.0694312	0.0828053	0.330157	0.172983
-19.865	-9.11309	-4.747	1.36535	-19.8731	-8.96417	L0.00160005	-19.8431	-9.36071	-4.70487	1.1408	0.0693416	0.0837422	0.329691	0.173153
-20.1033	-9.01134	-4.7099	1.5542	-20.3815	-7.6755	R0.00646903	-20.0775	-9.30061	-4.67066	1.26215	0.0692562	0.0850399	0.329226	0.173608
-20.2656	-9.14637	-4.58158	1.19503	-20.1607	-9.59663	L0.0159563	-20.3102	-9.23446	-4.63328	1.38303	0.0691985	0.0850487	0.328769	0.173651
-20.5046	-9.10542	-4.59823	1.24581	-20.4587	-9.7448	R0.00935212	-20.5409	-9.16227	-4.59271	1.50334	0.0691272	0.0849819	0.328301	0.173947
-20.7279	-9.00635	-4.56061	1.41172	-20.6596	-8.91527	L0.00062061	-20.7696	-9.08409	-4.54895	1.62296	0.0690648	0.0849622	0.327837	0.174064
-20.9706	-8.92644	-4.54005	1.53357	-21.5568	-8.5005	R0.0146185	-20.9959	-8.99994	-4.50202	1.74179	0.0689803	0.084932	0.327379	0.174169
-21.1653	-8.85841	-4.45809	1.59947	-21.0195	-8.85081	L0.000860537	-21.2198	-8.90987	-4.45191	1.85972	0.0689439	0.0848563	0.326918	0.174472
-21.3982	-8.77304	-4.41849	1.7116	-21.8628	-8.64129	R0.0152123	-21.4412	-8.81393	-4.39865	1.97666	0.0688847	0.0847647	0.32646	0.174792
-21.5876	-8.74916	-4.33887	1.66649	-21.5029	-8.87191	L0.00160097	-21.6597	-8.71217	-4.34224	2.0925	0.068894	0.0846686	0.326003	0.175997
-21.7748	-8.61805	-4.15895	1.86011	-21.9514	-7.41274	R0.0501048	-21.8754	-8.60465	-4.2827	2.20712	0.0690031	0.0845532	0.325613	0.176705
-21.9784	-8.53759	-4.11211	1.92517	-21.9793	-8.57089	L7.70316e-05	-22.0881	-8.49143	-4.22007	2.32043	0.0691496	0.0844705	0.325209	0.177688
-22.188	-8.43232	-4.11412	2.02654	-22.1914	-7.70392	R0.0111008	-22.2975	-8.37258	-4.15437	2.43232	0.0692939	0.0844118	0.324764	0.178725
-22.4236	-8.32649	-4.11541	2.13274	-22.5838	-8.35296	L0.000999944	-22.5035	-8.24817	-4.08564	2.5427	0.0693255	0.0843956	0.324318	0.179777
-22.6125	-8.21631	-4.01768	2.22734	-22.3177	-8.57758	R0.00575972	-22.7061	-8.11829	-4.01391	2.65145	0.0694042	0.0844362	0.32387	0.180907
-22.8617	-7.96117	-4.00539	2.63165	-22.9861	-7.6724	L0.00716173	-22.9049	-7.98301	-3.93923	2.75848	0.0693456	0.0843276	0.323442	0.18078
-23.0507	-7.8158	-3.8376	2.77298	-23.2693	-8.32031	R0.0369136	-23.1	-7.84243	-3.86163	2.8637	0.0692984	0.0842233	0.323	0.180594
-23.2847	-7.6304	-3.8117	2.98653	-23.4777	-7.56583	L0.00200183	-23.2911	-7.69663	-3.78118	2.967	0.0692042	0.0841793	0.322561	0.18035
-23.4856	-7.48712	-3.80835	3.06418	-23.473	-7.02103	R0.0163715	-23.4781	-7.54572	-3.69792	3.06828	0.0691107	0.08412	0.322172	0.180103
-23.6504	-7.34585	-3.69372	3.12722	-23.5408	-7.36069	L0.000517295	-23.6609	-7.3898	-3.61191	3.16746	0.0690186	0.0840366	0.321761	0.17987
-23.8425	-7.18287	-3.64255	3.23257	-24.0505	-6.56968	R0.00190307	-23.8393	-7.22897	-3.52321	3.26445	0.068925	0.0839568	0.321383	0.179633
-23.9992	-7.0974	-3.54195	3.15848	-23.9384	-7.26171	L0.00217873	-24.0132	-7.06336	-3.43189	3.35916	0.0688353	0.0838616	0.320999	0.179694
-24.1672	-6.91596	-3.42113	3.29146	-24.3577	-5.94086	R0.00377413	-24.1825	-6.89307	-3.33801	3.45149	0.0687468	0.0837567	0.320594	0.179643
-24.3342	-6.65431	-3.30104	3.57271	-24.2574	-6.4352	L0.00332439	-24.347	-6.71823	-3.24166	3.54138	0.0686573	0.0837095	0.320176	0.179408
-24.5011	-6.47819	-3.17135	3.66106	-24.788	-7.18367	R0.025309	-24.5066	-6.53896	-3.14289	3.62873	0.0685656	0.0836563	0.319749	0.179175
-24.5944	-6.34946	-2.98757	3.61661	-24.3008	-6.43799	L0.00422813	-24.6612	-6.35538	-3.0418	3.71347	0.0685611	0.0835446	0.319333	0.179005
-24.7345	-6.16269	-2.87266	3.70519	-24.6108	-6.00878	R0.00258391	-24.8107	-6.16764	-2.93846	3.79553	0.0685827	0.0834333	0.318923	0.178826
-24.9206	-5.94989	-2.82965	3.8494	-25.146	-5.91902	L0.00210822	-24.955	-5.97587	-2.83295	3.87484	0.0685142	0.0833328	0.318498	0.178593
-25.0516	-5.74453	-2.71378	3.94622	-24.8975	-5.02285	R0.00925087	-25.094	-5.7802	-2.72537	3.95132	0.068458	0.0832422	0.318075	0.178355
-25.1832	-5.57547	-2.60968	3.96115	-25.1941	-5.64372	L0.000315655	-25.2276	-5.58079	-2.61581	4.02492	0.0684053	0.0831322	0.317653	0.178149
-25.3364	-5.38836	-2.59133	4.00738	-25.5328	-5.4399	R0.0183428	-25.3556	-5.37777	-2.50435	4.09557	0.0683219	0.0830239	0.317264	0.177971
-25.4826	-5.15775	-2.50847	4.13507	-25.5713	-5.10241	L0.000560949	-25.4779	-5.1713	-2.39109	4.16322	0.0682321	0.0829172	0.316902	0.177742
-25.6131	-4.98159	-2.47976	4.13007	-25.0178	-6.55904	R0.0200137	-25.5946	-4.96152	-2.27613	4.22781	0.0681488	0.0828145	0.316657	0.177578
-25.7251	-4.81357	-2.37375	4.10881	-25.6952	-4.89995	L0.000569511	-25.7055	-4.7486	-2.15956	4.2893	0.0680667	0.0827727	0.316432	0.177586
-25.8465	-4.60679	-2.3029	4.1642	-25.8162	-4.40681	R0.00219552	-25.8105	-4.53268	-2.04149	4.34764	0.0680025	0.0827512	0.3163	0.177602
-25.9605	-4.35703	-2.19615	4.29639	-25.9516	-4.26659	L0.00055715	-25.9096	-4.31392	-1.92202	4.40279	0.0679634	0.0826724	0.316198	0.177453
-26.0703	-4.13609	-2.00808	4.36445	-26.8953	-4.43966	R0.0986226	-26.0027	-4.0925	-1.80125	4.45471	0.0679624	0.0825947	0.315962	0.177282
-26.1643	-3.84342	-1.86235	4.55709	-26.1198	-3.67723	L0.00191454	-26.0897	-3.86856	-1.67928	4.50337	0.0679805	0.0824973	0.315689	0.177072
-26.2387	-3.60492	-1.6304	4.62745	-26.5652	-3.85723	R0.0387679	-26.1706	-3.64227	-1.55623	4.54875	0.0679808	0.0824123	0.315303	0.176888
-26.268	-3.33854	-1.40035	4.72431	-25.9974	-3.24722	L0.00319126	-26.2453	-3.41381	-1.4322	4.59081	0.0679028	0.0823946	0.314899	0.17679
-26.3178	-3.09213	-1.18612	4.78141	-26.2976	-3.01078	R0.00856675	-26.3138	-3.18332	-1.30729	4.62954	0.0678155	0.0824185	0.314553	0.17673
-26.3415	-2.86275	-0.987292	4.78635	-26.1741	-2.87885	L0.0010867	-26.376	-2.95098	-1.18162	4.66493	0.0677509	0.082434	0.314303	0.17661
-26.3987	-2.63693	-0.872933	4.79084	-26.4681	-3.44967	R0.00443018	-26.4319	-2.71697	-1.05529	4.69696	0.0676849	0.0824279	0.314036	0.176448
-26.4723	-2.49844	-0.81353	4.63402	-26.674	-2.73852	L0.00519568	-26.4815	-2.48143	-0.928411	4.72562	0.0675999	0.0823269	0.313688	0.176283
-26.527	-2.26418	-0.732256	4.66293	-26.657	-1.72382	R0.00735606	-26.5247	-2.24456	-0.80109	4.75091	0.0675137	0.0822278	0.313307	0.176114
-26.5761	-2.07313	-0.634301	4.60615	-26.6691	-2.17333	L0.000965597	-26.5616	-2.0065	-0.673434	4.77284	0.0674317	0.0821919	0.312914	0.176091
-26.6067	-1.83877	-0.540531	4.62782	-26.3248	-1.32261	R0.0149239	-26.5921	-1.76744	-0.545553	4.79141	0.0673501	0.0821661	0.312517	0.17606
-26.6053	-1.58538	-0.365479	4.67544	-26.4671	-1.53207	L0.000888021	-26.6161	-1.52753	-0.417552	4.80664	0.067267	0.0821137	0.312132	0.175961
-26.6026	-1.3588	-0.172192	4.66718	-26.4998	-2.19526	R0.00782776	-26.6338	-1.28695	-0.289538	4.81852	0.0672003	0.0820894	0.311793	0.175903
-26.6064	-1.13078	-0.0345409	4.65987	-26.5998	-1.14277	L1.14314e-05	-26.6451	-1.04586	-0.161616	4.8271	0.0671437	0.0820966	0.311466	0.175882
-26.6352	-0.909623	0.0384649	4.64455	-27.2008	-1.67679	R0.0397284	-26.65	-0.804425	-0.0338883	4.83238	0.0670633	0.0821628	0.311095	0.175913
-26.6467	-0.652258	0.150557	4.69377	-26.7355	-0.59539	L0.000517272	-26.6485	-0.562811	0.0935412	4.83439	0.0669793	0.0821819	0.310718	0.175833
-26.6345	-0.409769	0.32681	4.70484	-26.9891	0.0351487	R0.0180104	-26.6406	-0.321181	0.220572	4.83317	0.0668962	0.0821985	0.310375	0.17573
-26.5899	-0.103425	0.528523	4.81959	-26.4553	0.0602653	L0.00246516	-26.6264	-0.0796947	0.347104	4.82874	0.0668378	0.0821045	0.31012	0.175512
-26.5703	0.137807	0.669445	4.80755	-26.9537	0.136943	R1.2187	-26.6059	0.161489	0.473041	4.82116	0.0667783	0.0820108	0.309889	0.175295
-26.5466	0.438265	0.808584	4.90311	-26.6201	0.57588	L0.0014771	-26.5792	0.402213	0.598287	4.81045	0.0667151	0.0819287	0.309682	0.175138
-26.534	0.677477	0.853101	4.87454	-26.8241	0.381506	R0.022034	-26.5462	0.642323	0.722748	4.79667	0.0666352	0.0818459	0.309366	0.174964
-26.5256	0.962614	0.934451	4.9385	-26.7293	1.06082	L0.00218524	-26.5069	0.881666	0.846334	4.77986	0.0665594	0.0818437	0.309015	0.174925
-26.4874	1.22688	0.977602	4.94758	-25.9562	2.60409	R0.0395432	-26.4616	1.12009	0.968955	4.76007	0.0664897	0.0819145	0.308635	0.174957
-26.4299	1.45799	1.10826	4.89076	-26.3986	1.42212	L0.000121027	-26.4101	1.35745	1.09053	4.73737	0.0664152	0.0819654	0.308256	0.174908
-26.3914	1.67343	1.15622	4.81222	-26.5072	-0.563928	R0.00805755	-26.3526	1.59361	1.21096	4.71181	0.0663616	0.0819603	0.30789	0.174764
-26.3363	1.8763	1.25571	4.71448	-26.3594	1.79315	L0.000491106	-26.2891	1.82841	1.33018	4.68345	0.0663216	0.0818942	0.307536	0.174557
-26.2687	2.10719	1.38328	4.67477	-26.3475	1.82827	R0.00088333	-26.2197	2.06173	1.44811	4.65235	0.066285	0.0818251	0.307177	0.174347
-26.2069	2.29202	1.47034	4.55141	-26.2502	2.18481	L0.00086267	-26.1444	2.29342	1.56467	4.61859	0.0662761	0.0817255	0.306839	0.174167
-26.1445	2.51625	1.51737	4.51157	-26.069	2.27896	R0.0098935	-26.0633	2.52336	1.67979	4.58223	0.0663164	0.0816271	0.30657	0.17399
-26.0649	2.76102	1.62854	4.51281	-26.0641	2.80701	L0.000142089	-25.9765	2.75141	1.79339	4.54334	0.0663788	0.0815295	0.306306	0.173786
-25.9709	2.98444	1.81079	4.46789	-26.3234	3.02388	R0.0282377	-25.8841	2.97746	1.90543	4.502	0.0664358	0.0814317	0.305972	0.173584
-25.8674	3.27225	1.95399	4.543	-25.8345	3.42005	L0.00153576	-25.7861	3.20139	2.01582	4.45828	0.0664758	0.0814079	0.305618	0.173424
-25.7844	3.50321	2.03979	4.50775	-26.1824	3.73376	R0.0185779	-25.6826	3.42306	2.12452	4.41227	0.0665833	0.0814049	0.305279	0.173279
-25.6794	3.69944	2.14395	4.40354	-25.6666	3.63509	L0.000277723	-25.5737	3.64239	2.23146	4.36404	0.0667042	0.0813553	0.304942	0.173082
-25.5632	3.90626	2.26948	4.32432	-25.5773	3.13316	R0.00159285	-25.4596	3.85924	2.3366	4.31367	0.0668167	0.0812904	0.304595	0.172876
-25.4979	4.07794	2.28439	4.19704	-25.7492	3.99968	L0.00297968	-25.3402	4.07353	2.43989	4.26125	0.0671802	0.0811936	0.304326	0.172698
-25.3754	4.27789	2.40067	4.12171	-25.3516	3.75691	R0.00149852	-25.2157	4.28514	2.54127	4.20686	0.067551	0.0810977	0.304041	0.172542
-25.2148	4.5015	2.56937	4.08702	-25.0214	4.52803	L0.0015239	-25.0863	4.49399	2.64071	4.15058	0.067761	0.0810022	0.3037	0.172365
-25.0648	4.6959	2.65889	4.00132	-24.2719	4.30917	R0.0751102	-24.9518	4.69998	2.73817	4.09251	0.0679036	0.0809064	0.303364	0.172218
-24.9469	4.88878	2.72781	3.9283	-25.0363	4.88499	L0.00031067	-24.8126	4.90303	2.83361	4.03273	0.0681371	0.0808136	0.303049	0.172089
-24.7913	5.07889	2.84524	3.84699	-24.3609	4.95947	R0.020151	-24.6686	5.10304	2.92701	3.97132	0.0683167	0.0807268	0.302718	0.171992
-24.6215	5.29856	2.98775	3.82472	-24.5041	5.35293	L0.000797225	-24.5201	5.29995	3.01833	3.90839	0.0684135	0.0806318	0.302365	0.171837
-24.4495	5.47899	3.16183	3.72157	-24.4379	5.24592	R0.0127841	-24.367	5.49367	3.10754	3.84401	0.0684501	0.0805403	0.302021	0.171738
-24.2626	5.65244	3.29887	3.60841	-24.1159	5.61152	L0.000873649	-24.2095	5.68414	3.19464	3.77827	0.0684181	0.0804605	0.30171	0.171734
-24.0973	5.81375	3.41822	3.4834	-24.5638	4.75836	R0.00852131	-24.0477	5.8713	3.27959	3.71127	0.06838	0.0804146	0.301431	0.171886
-23.924	5.97316	3.5098	3.36333	-23.9153	5.94377	L5.76057e-05	-23.8818	6.05508	3.36239	3.64309	0.0683308	0.0804181	0.301164	0.172216
-23.7814	6.15292	3.43298	3.30973	-23.5491	6.44495	R0.0616069	-23.7117	6.23542	3.44302	3.57383	0.0683338	0.080423	0.300814	0.172487
-23.6151	6.30732	3.50063	3.20755	-23.6471	6.29102	L6.44946e-05	-23.5377	6.41227	3.52148	3.50357	0.0683564	0.0804886	0.300466	0.172876
-23.4676	6.47527	3.48745	3.14923	-23.7544	6.53746	R0.0229894	-23.3598	6.58559	3.59775	3.4324	0.0684742	0.0805704	0.300165	0.173212
-23.2373	6.71055	3.66232	3.21398	-23.0099	6.86182	L0.00404638	-23.1781	6.75533	3.67185	3.36041	0.0684542	0.080506	0.299819	0.173155
-23.0435	6.84951	3.7195	3.09187	-22.7862	5.74143	R0.0302368	-22.9928	6.92146	3.74376	3.28768	0.0684186	0.0804874	0.299476	0.173211
-22.8278	7.02637	3.83874	3.04954	-22.6991	7.063	L0.000813892	-22.804	7.08393	3.8135	3.21431	0.0683494	0.0804422	0.299134	0.173192
-22.6159	7.1627	3.95528	2.9252	-22.418	6.76159	R0.0136019	-22.6117	7.24273	3.88106	3.14038	0.0682713	0.0804412	0.298812	0.1733
-22.4317	7.30558	3.99887	2.83277	-22.5083	7.31524	L0.000227012	-22.4161	7.39782	3.94647	3.06598	0.0681972	0.0804702	0.29848	0.17346
-22.2005	7.43856	4.19317	2.70269	-22.0543	7.85452	R0.0309073	-22.2173	7.54917	4.00974	2.99118	0.0681241	0.0805518	0.298268	0.17381
-22.0187	7.59982	4.22091	2.66197	-22.1947	7.69478	L0.00155455	-22.0154	7.69679	4.07087	2.91607	0.0680466	0.080593	0.298014	0.174035
-21.8347	7.76947	4.17108	2.65894	-21.6178	9.0351	R0.0375364	-21.8105	7.84064	4.12989	2.84074	0.067979	0.0805729	0.297682	0.174053
-21.627	7.91125	4.22801	2.58911	-21.6473	7.94	L6.18876e-05	-21.6026	7.98072	4.18681	2.76526	0.0679118	0.0805494	0.29735	0.174057
-21.4378	8.04304	4.22005	2.51515	-21.8637	7.78661	R0.0153717	-21.392	8.11703	4.24166	2.68971	0.0678698	0.0805352	0.297016	0.174059
-21.2175	8.07218	4.26069	2.23265	-21.0853	7.83229	L0.00398374	-21.1787	8.24957	4.29447	2.61417	0.0678183	0.0808845	0.296685	0.174804
-21.0284	8.21881	4.17622	2.23176	-20.5503	9.28616	R0.048632	-20.9628	8.37833	4.34526	2.53871	0.0678132	0.0811473	0.296459	0.175214
-20.8499	8.37141	4.18199	2.23617	-21.0519	8.50983	L0.0023853	-20.7444	8.50333	4.39406	2.46341	0.0679212	0.081297	0.296296	0.175348
-20.607	8.48603	4.32848	2.14951	-19.9265	9.40847	R0.0210155	-20.5237	8.62457	4.4409	2.38835	0.0679596	0.0814703	0.296012	0.175516
-20.3535	8.62988	4.43702	2.13632	-20.21	8.68914	L0.0012633	-20.3006	8.74206	4.48582	2.31358	0.0679295	0.0815519	0.295689	0.17552
-20.1576	8.75578	4.36159	2.1166	-20.2277	8.8532	R0.0307053	-20.0753	8.85583	4.52884	2.23919	0.0679649	0.0815979	0.295465	0.17542
-19.9604	8.85529	4.36386	2.03106	-20.0633	8.86724	L0.000422052	-19.848	8.96589	4.57001	2.16524	0.068096	0.0816739	0.295296	0.175339
-19.7649	8.96727	4.30066	1.99747	-19.9264	8.78179	R0.0204314	-19.6186	9.07227	4.60937	2.09179	0.0683688	0.0817331	0.295326	0.1752
-19.5436	9.03985	4.33559	1.87548	-19.4861	8.96665	L0.000396349	-19.3873	9.17499	4.64694	2.01891	0.0686886	0.0818901	0.295363	0.175136
-19.3027	9.14824	4.42947	1.82855	-18.5719	10.2069	R0.00577688	-19.1542	9.27409	4.68278	1.94666	0.0689676	0.0820133	0.295277	0.175031
-19.0112	9.24781	4.57231	1.7689	-18.6786	9.19191	L0.004446	-18.9193	9.36959	4.71692	1.8751	0.0690267	0.0821223	0.295029	0.174908
-18.7963	9.32896	4.58311	1.67837	-19.2825	8.98189	R0.00831319	-18.6827	9.46154	4.7494	1.80429	0.0691563	0.0822675	0.294807	0.174816
-18.5373	9.43645	4.66459	1.65006	-18.4242	9.46852	L0.000706964	-18.4446	9.54996	4.78028	1.73429	0.0692168	0.0823492	0.294533	0.174668
-18.2701	9.47172	4.81709	1.43767	-18.1634	8.72444	R0.0618546	-18.2049	9.63492	4.80959	1.66514	0.0692083	0.0826131	0.29421	0.174801
-17.9702	9.61085	4.95859	1.48618	-17.7736	9.72478	L0.00311671	-17.9639	9.71643	4.83737	1.59691	0.0691331	0.0826703	0.293942	0.174687
-17.7241	9.70531	4.91919	1.47359	-17.2296	9.97767	R0.0262667	-17.7214	9.79457	4.86368	1.52964	0.0690577	0.0826853	0.293633	0.174516
-17.4459	9.81612	5.00356	1.47467	-17.3436	9.88109	L0.000920073	-17.4777	9.86936	4.88856	1.46338	0.0689985	0.0826325	0.293362	0.174326
-17.1958	9.89676	5.03045	1.41295	-17.1554	10.212	R0.00155724	-17.2328	9.94087	4.91205	1.39818	0.068945	0.0825683	0.293095	0.174138
-16.9212	10.0213	5.102	1.45395	-16.8876	10.145	L0.00117057	-16.9868	10.0091	4.93421	1.33408	0.0689377	0.0824806	0.292881	0.174039
-16.6639	10.0926	5.12433	1.38086	-16.5958	10.1078	R0.000258302	-16.7396	10.0743	4.95507	1.27113	0.0689531	0.0823957	0.29267	0.173925
-16.4179	10.1951	5.13584	1.38126	-16.5153	10.3091	L0.000946774	-16.4915	10.1362	4.97469	1.20937	0.0689634	0.0823522	0.29245	0.173921
-16.1578	10.2681	5.17362	1.31501	-16.09	10.5824	R0.00178632	-16.2424	10.1952	4.99311	1.14883	0.0690009	0.082333	0.292254	0.173904
-15.9305	10.2827	5.12623	1.13773	-16.006	10.1843	L0.00110407	-15.9924	10.2511	5.01039	1.08956	0.0689864	0.0822574	0.291989	0.173732
-15.6825	10.3487	5.10591	1.09755	-15.7234	10.41	R0.00444113	-15.7416	10.3041	5.02655	1.03159	0.0689666	0.0821951	0.291699	0.173572
-15.4709	10.3325	5.02629	0.882661	-15.5699	10.1904	L0.00216045	-15.4899	10.3543	5.04166	0.974957	0.0688984	0.0821132	0.291387	0.173439
-15.1683	10.365	5.19859	0.741569	-14.2385	10.9109	R0.0586453	-15.2376	10.4016	5.05576	0.919692	0.0688991	0.0820429	0.291151	0.173449
-14.9087	10.4178	5.21686	0.689063	-14.9365	10.4722	L0.000173748	-14.9846	10.4462	5.06889	0.865828	0.0689147	0.0819659	0.290921	0.173456
-14.6692	10.4495	5.09851	0.653468	-14.724	9.63507	R0.0535964	-14.7309	10.4882	5.0811	0.813394	0.0689001	0.0818981	0.290612	0.173428
-14.4328	10.4105	5.05036	0.43513	-14.4088	10.222	L0.00207727	-14.4766	10.5276	5.09243	0.762418	0.0688566	0.0819887	0.29031	0.173899
-14.173	10.4346	5.06101	0.364934	-13.9005	10.5238	R0.00292834	-14.2218	10.5645	5.10293	0.712926	0.0688203	0.0821198	0.290009	0.174452
-13.8588	10.5906	5.21502	0.572859	-13.8049	10.9383	L0.00810011	-13.9665	10.5989	5.11263	0.664944	0.0689257	0.0820338	0.28974	0.174319
-13.6059	10.6499	5.1459	0.618703	-13.3956	10.7857	R0.0294911	-13.7107	10.631	5.12159	0.618496	0.0690209	0.0819519	0.289436	0.174135
-13.3601	10.6452	5.12363	0.488467	-13.3556	10.5517	L0.000512228	-13.4545	10.6608	5.12983	0.573603	0.0690842	0.0818687	0.289132	0.173995
-13.0973	10.6706	5.14744	0.428313	-12.9374	10.8137	R0.000373414	-13.1979	10.6884	5.13741	0.530288	0.0691656	0.0817867	0.288828	0.173875
-12.8405	10.7646	5.1743	0.518461	-12.9591	11.0099	L0.00331197	-12.9409	10.7138	5.14436	0.48857	0.0692461	0.081734	0.288529	0.173698
-12.5756	10.8156	5.17437	0.5368	-12.2518	11.2495	R0.00398535	-12.6836	10.7373	5.15071	0.448467	0.0693498	0.081727	0.288229	0.173563
-12.347	10.7776	5.10922	0.35383	-12.3713	10.6091	L0.00181222	-12.426	10.7587	5.15651	0.409997	0.0693715	0.0816463	0.287936	0.173401
-12.0929	10.8121	5.08121	0.360308	-11.9352	10.9161	R0.00758771	-12.1681	10.7783	5.16179	0.373177	0.0693841	0.0815758	0.287659	0.173221
-11.8448	10.8767	5.08966	0.405487	-11.9451	11.0515	L0.00168682	-11.91	10.7961	5.16658	0.338022	0.0693756	0.0815739	0.287381	0.173069
-11.5676	10.898	5.13111	0.36977	-10.9703	10.9676	R0.0147492	-11.6516	10.8121	5.17092	0.304546	0.0694092	0.0815831	0.287089	0.172915
-11.3412	10.9105	5.08149	0.310662	-11.4548	10.9407	L0.000601036	-11.393	10.8265	5.17484	0.272761	0.0693772	0.0815881	0.286823	0.172744
-11.0735	10.849	5.21309	-0.00303625	-11.3472	10.5111	R0.132703	-11.1342	10.8394	5.17836	0.242681	0.0693605	0.0815049	0.286531	0.172927
-10.7777	10.8241	5.26334	-0.117117	-10.6009	10.6823	L0.00192912	-10.8753	10.8509	5.18153	0.214317	0.0694304	0.0814299	0.286259	0.173403
-10.5221	10.8211	5.24183	-0.173127	-10.6563	10.8369	R0.00189439	-10.6161	10.8609	5.18435	0.187679	0.0694898	0.0813661	0.285977	0.173996
-10.2909	10.814	5.18755	-0.239938	-10.4142	10.8747	L0.000761618	-10.3569	10.8697	5.18687	0.162776	0.0694828	0.0813217	0.285683	0.174772
-10.0474	10.8644	5.07032	-0.090245	-9.90413	11.2255	R0.0954375	-10.0976	10.8772	5.1891	0.139618	0.0694487	0.0812404	0.285441	0.174903
-9.78439	10.913	5.10482	-0.0329325	-9.83445	11.1032	L0.0017611	-9.83809	10.8837	5.19106	0.118212	0.0694201	0.0811681	0.285175	0.174857
-9.55931	10.8902	5.03666	-0.114139	-10.195	10.3498	R0.00066268	-9.57852	10.8891	5.19278	0.0985664	0.0693546	0.0810852	0.284971	0.174943
-9.29582	10.9181	5.06814	-0.091181	-9.3066	11.0348	L0.000673795	-9.31887	10.8936	5.19428	0.0806865	0.0692918	0.0810102	0.284738	0.174937
-9.05441	10.8961	5.02325	-0.150168	-9.2226	10.3527	R0.010309	-9.05915	10.8972	5.19557	0.0645787	0.0692217	0.0809279	0.284555	0.175027
-8.78624	10.9295	5.06644	-0.108656	-8.78899	11.0707	L0.000998866	-8.79937	10.9001	5.19667	0.050248	0.069154	0.0808566	0.284326	0.174996
-8.55135	10.8846	5.01491	-0.218719	-8.83914	10.0319	R0.0226431	-8.53953	10.9023	5.19759	0.0376992	0.069086	0.0807786	0.284157	0.175199
-8.39459	10.8029	4.81824	-0.400164	-8.62045	10.6577	L0.00479554	-8.27965	10.9039	5.19835	0.0269359	0.0692092	0.0808246	0.284384	0.176071
-8.14774	10.8119	4.80507	-0.361392	-7.91543	11.1157	R0.0107394	-8.01974	10.905	5.19896	0.0179617	0.0693779	0.0808512	0.284647	0.176717
-7.79717	10.8649	5.02441	-0.249165	-7.51971	11.0005	L0.00621762	-7.75979	10.9057	5.19942	0.0107791	0.0693284	0.0807905	0.284469	0.176923
-7.53669	10.8648	5.00853	-0.212167	-7.25987	10.6458	R0.0211151	-7.49981	10.9061	5.19975	0.00539029	0.0692784	0.0807306	0.284312	0.177014
-7.25673	10.8547	5.06119	-0.23047	-7.15631	10.815	L0.000528193	-7.23983	10.9063	5.19994	0.00179692	0.0692131	0.0806827	0.284095	0.177142
-7.02388	10.8853	4.98034	-0.10676	-7.39396	11.0181	R0.0532456	-6.97983	10.9064	5.2	-7.84874e-15	0.0691719	0.0806075	0.283981	0.177029
